-0.214644, -0.231359, 0.411118, -0.488279, -0.114084, -0.073905, 0.280294, -0.093902, 0.133605, 0.300050, -0.255999, -0.116100, 0.473233, 0.083987, -0.507121, -0.515287, -0.028393, 0.380694, -0.158717, 0.343959, 0.211046, -0.150701, -0.289424, 0.219028, -0.034975, 0.233253, -0.334294, 0.264077, -0.364163, 0.023615, -0.203404, 0.308704, -0.192331, 0.790482, 0.379474, 0.440310
-0.569538, 0.329467, 0.058065, -0.539351, 0.321708, 0.098874, -0.261088, 0.032265, 0.251410, 0.015954, 0.373765, 0.428150, -0.030713, -0.085540, -0.197898, -0.203813, 0.323082, 0.332917, 0.143716, -0.036765, -0.101844, 0.063543, -0.362900, -0.543345, -0.296983, -0.197863, -0.162141, -0.150868, 0.407994, 0.239707, 0.277649, 0.113379, -0.389063, -0.142118, -0.256208, 0.100623
0.406028, -0.142763, -0.379906, -0.132474, 0.206454, -0.299526, 0.336088, -0.387475, 0.388538, 0.388319, -0.168423, -0.590882, -0.211706, 0.308485, -0.029287, -0.489036, 0.157838, 0.400073, 0.154606, -0.374491, -0.149121, 0.303775, 0.317572, -0.207597, -0.207909, 0.075614, -0.509795, -0.316196, 0.368449, -0.160533, 0.359968, 0.118883, -0.160964, 0.309542, -0.565890, -0.206533
0.118156, -0.417264, 0.159025, -0.289264, -0.253109, 0.672698, -0.188026, -0.234879, 0.233434, 0.046027, -0.232363, -0.553822, 0.246806, -0.426163, 0.374172, -0.679284, -0.076118, -0.172025, 0.375436, 0.371400, -0.595943, -0.137254, 0.169668, 0.090893, 0.471498, 0.179546, -0.731631, 0.211181, 0.404049, -0.121271, 0.568866, -0.245472, -0.022743, -0.353669, -0.159052, 0.280388
0.089622, -0.322638, -0.227733, -0.483480, -0.197059, -0.352074, 0.269423, -0.702034, -0.554543, 0.140775, -0.072032, 0.394134, 0.294264, -0.259095, -0.113063, 0.124072, -0.570870, -0.355863, 0.425193, -0.513711, 0.141182, -0.169936, 0.392198, -0.064520, 0.480403, 0.249254, -0.387308, -0.384959, 0.282753, -0.029407, -0.222200, 0.141873, 0.143340, 0.032007, 0.637889, -0.720697
-0.454317, 0.135472, 0.067554, -0.397743, -0.020304, 0.181947, -0.260683, -0.578606, 0.447750, 0.485101, -0.649080, -0.254934, -0.168418, -0.189825, 0.280626, -0.215261, 0.354530, -0.182169, -0.241804, 0.682467, 0.226818, -0.600728, -0.127409, 0.060974, -0.209103, -0.251309, -0.157702, -0.359886, 0.343653, -0.286183, 0.319510, 0.433011, -0.334216, -0.510164, 0.169417, 0.594805
-0.100321, 0.129345, -0.175052, -0.955438, -0.090959, -0.376302, 0.427430, 0.335549, 0.074748, -0.164092, -0.226961, 0.511880, -0.012367, -0.314457, -0.603754, 0.446609, 0.408129, -0.122430, -0.662923, 0.704930, 0.408267, -0.622127, 0.405696, 0.259459, -0.603594, 0.483503, -0.426648, -0.428026, 0.102566, -0.044818, -0.409863, 0.432502, -0.093600, -0.453827, -0.398553, -0.710351
0.155234, -0.236704, -0.356380, 0.132662, -0.338473, -0.078200, -0.286325, 0.140560, 0.083460, -0.409043, -0.171015, -0.172797, 0.439647, 0.167108, -0.091720, 0.074803, 0.192919, -0.249480, 0.372859, -0.300017, -0.316819, 0.213078, -0.179558, 0.091224, 0.196043, -0.439650, 0.441911, -0.273339, -0.075584, -0.111930, -0.448518, 0.019902, 0.266863, -0.142469, -0.110877, 0.414868
0.198251, -0.237180, 0.120358, -0.140453, 0.052939, 0.374252, 0.196730, -0.273948, -0.342193, -0.553062, -0.059278, -0.418810, -0.124818, -0.196843, -0.095310, -0.007347, 0.328086, 0.391326, 0.146497, -0.037007, -0.359701, -0.448016, -0.248655, 0.267816, 0.196346, -0.439726, -0.313844, 0.134803, -0.073497, 0.377030, 0.330782, -0.416759, 0.152749, 0.578700, 0.088313, -0.495732
0.370264, -0.848779, -0.006488, -0.098720, 0.496453, 0.026680, 0.093221, -0.281462, -0.105611, -0.352913, 0.280449, -0.320379, 0.480492, 0.766199, 0.018041, 0.218085, 0.391864, -0.169559, -0.529002, -0.499873, -0.004639, -0.218650, -0.103464, 0.092744, 0.430985, 0.376580, -0.217545, -0.470912, -0.621442, -0.317319, -0.333291, -0.297437, 0.099238, -0.270359, 0.265052, 0.011249
-0.018859, -0.055077, -0.168741, -0.265259, -0.093465, 0.013324, -0.301195, -0.364012, -0.315181, 0.182827, 0.089738, 0.716009, 0.285578, -0.412446, -0.138074, -0.135624, -0.055952, -0.022047, -0.499211, 0.446620, 0.438066, 0.018077, -0.354808, 0.042629, -0.421153, 0.228315, -0.268898, -0.312315, -0.439194, -0.393664, 0.035786, 0.371541, -0.163977, 0.285310, 0.612026, 0.153764
-0.418429, -0.320957, -0.399740, -0.626405, 0.008138, 0.571132, 0.489479, -0.341042, 0.061933, 0.077156, 0.709711, 0.397654, -0.024547, 0.332813, 0.063983, -0.272021, -0.422295, -0.689326, 0.524104, 0.587133, -0.597251, 0.439747, 0.364172, 0.414181, -0.116529, 0.000750, -0.269644, -0.312333, 0.179783, -0.064898, -0.045746, -0.031191, 0.244021, -0.265612, 0.069740, 0.280626
0.100828, 0.448923, -0.548878, 0.170917, 0.445192, 0.538034, -0.891226, 0.265605, -0.013095, 0.348236, -0.169258, 0.494702, -0.156947, 0.175489, 0.044328, 0.154621, 0.396547, -0.485874, -0.175328, -0.258736, -0.257650, 0.023918, 0.147792, -0.521327, -0.469243, -0.207344, 0.034137, -0.063914, 0.040623, 0.385542, 0.096801, 0.042287, 0.116734, 0.458450, 0.180285, 0.425089
-0.374363, 0.326343, 0.398855, 0.282303, -0.526812, -0.327281, 0.057803, -0.398116, -0.648413, 0.314172, -0.581704, -0.432926, 0.429043, -0.214123, -0.243393, -0.050058, -0.338515, -0.273970, -0.253327, 0.004130, 0.020102, -0.313396, 0.267180, 0.014154, -0.863814, -0.368958, -0.325649, 0.306661, 0.090027, 0.492441, -0.079849, -0.198705, 0.494784, -0.329178, -0.249297, 0.306807
0.378425, 0.507012, -0.665669, -0.193856, 0.331177, 0.593390, -0.089863, -0.291919, -0.320008, -0.160773, -0.242196, 0.134540, -0.097982, 0.412434, -0.082894, 0.266168, -0.318109, 0.312415, -0.412695, -0.266423, -0.008792, -0.348821, -0.478709, 0.175849, -0.083760, 0.421996, -0.501308, -0.016186, -0.415930, 0.341393, 0.519210, -0.075783, 0.220324, -0.269122, 0.206251, -0.241423
-0.299585, -0.124580, 0.299509, -0.231764, 0.191192, -0.274861, 0.315852, -0.012817, -0.626394, -0.424174, 0.009014, 0.028302, 0.025704, -0.242692, 0.393185, -0.155667, 0.028938, -0.138232, 0.488433, 0.252898, 0.266706, 0.225063, 0.226466, 0.032513, -0.110656, -0.284717, 0.415700, -0.381903, -0.011698, 0.200981, 0.038258, -0.284284, 0.016884, 0.274589, -0.440627, 0.049706
0.415547, -0.693373, 0.356079, -0.239816, 0.195635, -0.163434, -0.325353, -0.074715, 0.222349, 0.217680, 0.268642, -0.082511, 0.076245, -0.430368, -0.227690, 0.041945, -0.452163, 0.323604, 0.268057, -0.337749, 0.164619, -0.510503, 0.406399, -0.587140, -0.158124, -0.395906, -0.308382, -0.105843, -0.146659, 0.243910, 0.478242, -0.268341, -0.713350, -0.525704, -0.177562, 0.059713
-0.016859, -0.613348, 0.277186, 0.097385, 0.396200, -0.023171, -0.473375, -0.208098, 0.000097, -0.008118, -0.326224, 0.427253, 0.527587, -0.220244, -0.584076, -0.476309, 0.161065, -0.280252, -0.413727, -0.693538, -0.285084, -0.479040, -0.320636, -0.554192, -0.046587, 0.127766, -0.177835, -0.534937, -0.191543, -0.194542, 0.470719, 0.506274, 0.097767, 0.078338, 0.247955, -0.007689
-0.222560, -0.356564, -0.302851, -0.469418, 0.006149, -0.360650, 0.031670, 0.615833, -0.546888, 0.528217, -0.555606, 0.009342, -0.366792, 0.004650, -0.382844, 0.305325, -0.241448, -0.101163, -0.332452, -0.158473, -0.362279, -0.453623, -0.497642, -0.141504, -0.025128, 0.224503, -0.345360, 0.369182, -0.033912, 0.134971, 0.303834, 0.479336, 0.098643, -0.215606, -0.478021, 0.050712
-0.005134, -0.468042, 0.406414, 0.114558, -0.360799, 0.255561, 0.379693, 0.207588, 0.281910, 0.341448, -0.105947, 0.217854, -0.602791, -0.410666, 0.318327, -0.168085, -0.461820, -0.400635, 0.311886, -0.124919, -0.678172, 0.176287, -0.253259, -0.300853, -0.505008, -0.438993, -0.065268, -0.697213, 0.023644, 0.300572, 0.102588, -0.202198, 0.433504, -0.271786, 0.680047, -0.484337
0.122369, -0.311310, -0.229358, -0.200317, 0.003940, -0.578613, -0.504129, -0.229040, -0.456794, 0.195534, 0.231436, -0.491113, 0.019646, -0.217797, 0.075150, -0.450240, -0.447891, -0.348752, -0.195202, -0.281795, -0.206322, -0.057992, 0.405676, 0.560001, 0.070747, 0.134415, 0.151055, -0.389032, -0.202595, 0.238433, -0.377548, 0.442347, 0.223721, -0.544188, 0.098495, 0.405864
0.233173, 0.448631, 0.292069, -0.019228, -0.618469, 0.219140, -0.610834, -0.380783, 0.401424, -0.381508, -0.135150, -0.354010, -0.455962, 0.165376, -0.256539, 0.267574, 0.238095, 0.180985, 0.059857, 0.431441, -0.195317, -0.493285, 0.257581, 0.267208, 0.587442, -0.172101, -0.046282, 0.316117, 0.567995, -0.046495, -0.322541, -0.640606, 0.179594, 0.253535, 0.352097, -0.167278
-0.102512, -0.615307, 0.123433, 0.383868, -0.724740, -0.378004, -0.246054, 0.280345, -0.192742, -0.313970, 0.067315, 0.515011, -0.136225, 0.654715, 0.080058, 0.333405, -0.304950, -0.283783, -0.327181, -0.238837, -0.395628, 0.378989, 0.313942, -0.411203, -0.350732, 0.235869, -0.339540, 0.566585, -0.350398, 0.214739, 0.222981, -0.045474, 0.143303, -0.184637, -0.200205, 0.161741
-0.450635, 0.294547, -0.200023, 0.020918, 0.143129, 0.251991, 0.506337, -0.736984, 0.555941, 0.028894, 0.387866, 0.621561, -0.139986, -0.423929, -0.201639, -0.075556, 0.477464, 0.098335, -0.179947, 0.425642, -0.783675, -0.521787, 0.025194, -0.201203, -0.362972, 0.273573, 0.046479, -0.159119, 0.127376, -0.017556, 0.264027, -0.010039, -0.673608, -0.334519, -0.183195, 0.091504
0.267267, 0.376538, 0.439184, 0.090277, 0.128311, -0.441032, 0.373828, -0.530021, -0.440693, 0.157624, -0.390802, 0.362293, -0.433963, -0.380902, 0.430859, 0.409723, -0.375067, -0.391469, 0.248134, -0.299183, 0.276001, 0.043655, -0.186620, 0.239667, 0.213112, 0.029929, -0.239420, 0.827727, -0.456668, -0.280726, 0.041502, -0.439795, 0.331584, 0.325095, 0.166967, 0.191610
0.305598, 0.130001, 0.418456, -0.473272, 0.435005, -0.260118, 0.040772, 0.074883, 0.153059, -0.141981, -0.422821, 0.313824, -0.319464, -0.180240, 0.231633, 0.088318, -0.374097, -0.141880, 0.235588, -0.038569, 0.189781, 0.434320, -0.289429, 0.051786, -0.173182, -0.177218, 0.018684, -0.594654, -0.152151, -0.363403, 0.330447, -0.424750, -0.028945, 0.152463, -0.376471, 0.080256
-0.260270, 0.105792, 0.069926, -0.067512, -0.330953, -0.708743, 0.286182, 0.236351, 0.100091, -0.001454, 0.111851, -0.144421, 0.006015, -0.379370, 0.191996, 0.429247, 0.193572, 0.032079, 0.366705, -0.591071, -0.007740, 0.016281, 0.226802, -0.237866, 0.253640, 0.168517, -0.520655, 0.280688, 0.439811, -0.029399, -0.178543, 0.349844, 0.074538, 0.212116, 0.079418, 0.243720
-0.493616, -0.120219, 0.079756, 0.054628, -0.168887, -0.085283, -0.434214, -0.527145, 0.381923, 0.483084, -0.176554, 0.543695, -0.049569, -0.398694, 0.045324, -0.437633, 0.261477, -0.019046, -0.025377, -0.461049, 0.161689, 0.296161, 0.312553, 0.252882, -0.233204, 0.380432, -0.117106, -0.044598, 0.270985, -0.382130, -0.237729, 0.377920, 0.315403, -0.242320, -0.349293, -0.412937
0.402328, 0.399711, 0.579935, -0.770968, 0.135816, -0.025452, -0.124064, -0.244436, -0.433992, 0.019915, -0.084533, 0.317068, -0.746582, -0.547632, 0.445096, -0.505193, -0.121301, 0.336337, -0.237398, -0.295521, -0.080952, -0.394043, -0.273552, -0.086658, 0.346021, -0.223083, 0.386265, -0.207786, -0.405321, -0.277598, -0.072792, -0.414748, -0.368036, 0.114987, 0.365010, 0.006839
0.509723, -0.049362, -0.142158, 0.207269, -0.668821, 0.370691, -0.119649, -0.081769, -0.008461, -0.260934, 0.051942, 0.482844, -0.354939, 0.019608, 0.255400, 0.014070, -0.120058, 0.688708, -0.515825, -0.601255, -0.096427, -0.166368, -0.505899, 0.141181, -0.302039, -0.303429, -0.412374, -0.050708, -0.068517, 0.063861, 0.424037, -0.003117, -0.536710, -0.132559, -0.285287, 0.474459
0.255637, -0.387058, -0.163777, 0.304968, -0.498300, 0.478615, -0.049139, -0.388813, -0.181051, 0.119096, -0.183259, -0.469710, -0.194502, -0.374129, 0.193244, 0.251185, -0.202214, -0.440177, 0.310374, 0.295691, -0.299752, -0.090356, -0.090494, -0.170989, -0.692668, 0.367478, -0.464850, 0.119523, 0.350618, -0.532883, 0.198827, -0.122694, 0.578769, -0.089021, -0.367953, -0.213326
-0.405134, 0.274590, 0.162798, 0.596123, 0.035627, -0.080593, -0.137683, 0.595462, -0.592906, 0.392750, 0.611068, -0.024832, -0.130888, -0.291690, 0.122261, -0.515664, -0.178396, 0.483112, 0.090493, 0.423998, -0.077199, -0.031061, -0.165570, -0.505940, -0.315124, -0.350314, 0.324016, -0.008442, -0.174636, -0.290337, 0.272713, -0.649861, 0.443387, 0.088675, -0.129084, 0.242115
0.108501, -0.062505, -0.196710, -0.465799, -0.214364, 0.197406, 0.031562, -0.341909, -0.164540, 0.564505, -0.006000, 0.115549, -0.428982, 0.285192, 0.384241, -0.324969, -0.148682, 0.221773, -0.221487, -0.093582, -0.139169, -0.134178, 0.043926, -0.007433, -0.138324, -0.512159, 0.526612, -0.204642, -0.487487, 0.223857, 0.173418, -0.697923, 0.137169, 0.164029, -0.029412, 0.179889
0.449876, -0.455181, -0.466363, 0.347986, -0.458932, 0.138233, -0.172040, -0.058514, 0.197057, 0.252786, -0.116952, -0.498617, 0.019618, 0.062060, -0.128866, 0.191199, 0.134111, 0.036687, 0.434179, 0.005415, -0.308760, -0.222029, 0.038139, 0.334502, 0.154624, 0.064397, 0.246869, 0.334563, 0.156645, -0.365842, -0.096465, 0.163841, -0.492703, -0.714574, -0.396425, -0.344599
-0.166755, 0.268494, 0.027627, 0.008973, -0.073860, -0.220589, -0.469597, 0.454619, 0.315131, 0.523405, 0.109286, 0.519015, -0.313612, 0.024338, -0.010706, -0.373155, -0.162130, -0.327564, -0.007660, -0.145561, 0.535012, 0.184477, 0.238012, -0.468694, 0.222941, 0.482597, -0.282425, -0.427463, 0.454993, -0.270142, 0.420391, -0.616249, -0.309670, 0.001475, 0.566545, 0.456523
0.355519, 0.525260, 0.119042, -0.116281, 0.002297, 0.456555, -0.308203, -0.134758, 0.317155, -0.054988, -0.545844, -0.010744, -0.157309, 0.039407, -0.616175, -0.368376, -0.433230, 0.365517, -0.402987, 0.038711, -0.491393, 0.062792, 0.296373, -0.437172, -0.018813, -0.203098, -0.273925, -0.636331, 0.409224, 0.397047, -0.160468, 0.008386, -0.171220, -0.442225, -0.322539, -0.460738
0.073679, -0.119401, -0.501289, 0.082553, -0.004206, 0.108712, -0.524714, 0.559855, -0.359366, -0.408345, -0.405072, 0.144222, -0.038288, 0.350230, 0.361961, -0.192653, 0.088869, -0.097827, -0.060979, 0.071002, -0.121876, -0.434928, 0.330954, -0.439295, 0.178334, 0.213647, -0.437316, 0.399363, -0.048244, -0.572719, 0.681413, 0.123807, 0.002718, -0.196507, -0.210819, -0.313256
-0.274148, 0.179523, -0.892373, 0.241841, 0.261535, 0.420806, -0.725139, -0.033937, 0.362499, -0.540761, 0.038388, 0.168947, 0.021143, -0.085967, -0.094506, -0.219659, -0.652391, -0.407086, 0.121448, 0.445081, 0.071261, -0.362318, 0.507193, -0.300387, 0.185081, 0.335623, -0.555994, 0.110032, 0.313247, 0.130889, 0.213384, 0.322738, -0.006841, -0.323041, 0.083839, -0.073231
0.202885, 0.143406, 0.028832, -0.471266, 0.364567, 0.112452, 0.276774, -0.424702, 0.172980, 0.203543, -0.220111, 0.493588, 0.103067, 0.283958, 0.458521, 0.071721, -0.448102, -0.329038, 0.072129, 0.453735, 0.030635, 0.299023, -0.122512, 0.304382, -0.070227, 0.152774, 0.027918, 0.109280, 0.143768, -0.264691, 0.039960, 0.146725, -0.529816, 0.238162, 0.096681, 0.015397
-0.392797, -0.385226, 0.499623, -0.590089, -0.232892, 0.380149, 0.286317, -0.157124, -0.099803, 0.322213, 0.155312, -0.456460, -0.204317, -0.026818, -0.319307, -0.009180, -0.087563, -0.340151, -0.162126, 0.647248, 0.311695, -0.158539, -0.512085, -0.004698, 0.539389, 0.243751, 0.292894, -0.460706, 0.020830, 0.732037, 0.053925, 0.260046, -0.074183, 0.039079, 0.093888, -0.749945
-0.205538, -0.483202, -0.151467, 0.467349, -0.078037, -0.487312, -0.051504, 0.368582, 0.058013, -0.428894, 0.006827, 0.109221, -0.275806, -0.460893, -0.366901, 0.306384, -0.431344, -0.419583, -0.390253, 0.045944, 0.337177, 0.504466, 0.209075, 0.223141, 0.134179, 0.163497, 0.302857, 0.075957, -0.090874, 0.076991, -0.077269, -0.060070, 0.158342, -0.427865, 0.363489, 0.198619
0.126764, -0.055361, -0.399266, 0.004250, -0.349686, 0.263908, -0.433812, -0.285907, 0.491837, -0.435877, 0.062199, -0.108832, 0.426671, -0.099774, -0.111663, 0.080265, -0.008333, -0.155328, -0.039771, -0.266689, -0.233462, -0.366936, -0.281055, 0.294376, 0.540402, 0.239110, 0.255202, -0.298822, -0.272395, -0.287404, 0.238241, -0.359066, 0.139258, -0.270600, -0.199238, 0.467578
0.609169, 0.217219, 0.278542, -0.191658, 0.159417, -0.479376, -0.147722, -0.569408, -0.184088, 0.586398, -0.381136, 0.204205, -0.322280, 0.356875, -0.204008, -0.131806, 0.022268, -0.181559, 0.318036, 0.280321, -0.006340, -0.196892, -0.543691, 0.008773, -0.174604, -0.172129, -0.133008, -0.526879, -0.250891, 0.181123, -0.036659, 0.344606, -0.094524, 0.251280, -0.584033, -0.353320
-0.246816, 0.436060, -0.118592, -0.122703, -0.056968, -0.375301, 0.358612, 0.199325, 0.131796, 0.024307, 0.469336, -0.154242, -0.445063, 0.516967, -0.683663, 0.435275, -0.181340, 0.193059, -0.032725, 0.051335, -0.142802, 0.427346, -0.469803, 0.292954, 0.501019, -0.399873, 0.119198, 0.202498, 0.561994, 0.424486, -0.563717, -0.328764, -0.057786, -0.121346, -0.517397, -0.082386
0.280894, -0.526452, -0.343927, -0.425308, 0.119342, -0.198652, -0.592817, 0.159509, 0.146147, -0.204937, 0.295176, -0.045816, -0.379087, -0.046930, 0.149075, -0.192688, -0.158665, 0.344827, -0.556029, -0.545905, -0.250362, -0.319868, -0.199680, 0.414204, 0.451129, 0.198013, -0.416727, 0.243055, -0.324555, -0.173253, -0.444700, 0.262536, -0.170431, 0.188698, 0.128337, 0.006053
0.218906, 0.302940, 0.246826, -0.316173, -0.183807, -0.262154, 0.167830, -0.145071, -0.353456, 0.070052, -0.176568, -0.568162, 0.266995, -0.336454, -0.291262, -0.440072, -0.014739, -0.170023, -0.216035, -0.044588, 0.143624, 0.311653, -0.242179, -0.599482, -0.153926, 0.416842, 0.472647, -0.266667, -0.452294, -0.022659, 0.474812, 0.121096, -0.226724, 0.289407, -0.034370, 0.439556
0.309939, 0.244626, 0.254647, 0.439137, -0.659490, 0.466826, -0.250192, 0.070063, 0.019953, -0.129865, 0.292291, -0.686134, -0.167681, 0.205284, -0.021212, -0.383872, -0.322740, 0.322964, -0.079728, -0.445932, -0.366644, 0.145427, -0.162631, 0.361443, -0.400517, -0.240048, 0.453874, -0.320785, 0.027823, -0.401662, 0.208255, 0.074934, -0.310745, -0.179262, -0.245135, -0.340962
0.098746, -0.479212, -0.294393, -0.146959, 0.549381, -0.881700, -0.409306, 0.159278, -0.171408, -0.030609, -0.232219, -0.348489, -0.552289, 0.137578, -0.169713, -0.011902, -0.312939, -0.066795, -0.505085, 0.179104, 0.197457, 0.090429, 0.440308, -0.609732, -0.451546, 0.091917, -0.391340, -0.027381, -0.430555, -0.242929, -0.158979, -0.123688, 0.230820, -0.147968, 0.321145, -0.050194
0.214209, -0.082591, -0.187285, 0.089161, -0.474390, -0.094488, -0.158163, -0.321425, 0.077939, -0.191419, 0.288592, -0.014732, -0.099551, -0.418531, 0.465319, -0.413025, -0.470898, -0.241203, -0.203212, 0.756331, 0.009980, -0.058343, -0.224073, -0.131777, -0.412619, -0.135847, 0.305589, 0.267695, -0.444993, 0.202988, -0.366472, 0.258599, 0.207419, 0.195772, 0.003469, -0.072332
-0.186371, -0.123712, -0.490714, 0.319421, -0.140944, 0.270938, 0.547706, 0.121986, -0.071557, 0.034652, 0.190175, 0.237744, -0.375072, 0.859214, 0.043008, 0.000608, -0.447232, -0.100355, -0.607086, -0.545659, -0.012706, -0.036231, 0.218070, -0.019062, -0.522550, 0.107181, 0.317932, -0.018641, -0.377143, -0.084161, -0.386178, 0.142605, -0.355116, 0.406440, 0.044652, -0.358966
-0.041862, -0.034368, 0.170982, -0.194315, 0.416867, 0.538881, -0.062810, 0.392039, -0.211742, -0.166711, -0.689967, -0.575057, -0.013670, -0.324479, 0.382071, -0.029789, 0.036928, 0.497868, 0.582664, -0.510340, 0.407259, -0.005899, 0.136814, -0.115378, -0.592540, 0.073557, 0.495841, 0.159517, -0.026167, -0.437294, -0.143678, -0.312244, -0.144051, -0.215241, 0.045725, -0.002182
0.494395, -0.223975, -0.256340, -0.109772, 0.281301, -0.418164, 0.313690, -0.556035, -0.142050, 0.117579, 0.412447, -0.020105, 0.106077, -0.241330, -0.476455, 0.497583, -0.063509, 0.395248, -0.233435, -0.382774, -0.352424, -0.179574, -0.197492, 0.378851, -0.345070, -0.225968, 0.325846, 0.355803, -0.312452, -0.112429, -0.428374, -0.344173, -0.351304, 0.118727, 0.001100, 0.263678
0.022413, 0.201545, -0.092189, -0.433655, -0.593708, -0.267307, -0.258984, 0.307708, -0.071771, -0.168447, -0.564752, -0.111756, -0.358427, 0.206130, 0.023618, 0.125786, -0.173399, 0.048086, -0.583880, -0.211574, -0.526683, 0.039330, -0.026313, -0.009055, 0.265584, -0.065115, 0.209085, 0.108202, 0.220328, 0.356730, 0.180056, -0.307402, 0.307508, 0.345706, 0.029612, -0.374762
-0.294481, 0.114354, -0.211477, -0.024962, -0.018769, 0.250351, 0.392859, -0.184625, 0.198087, -0.451629, -0.272500, -0.372483, 0.090848, -0.160896, -0.534984, 0.425066, -0.581220, -0.274605, 0.266868, -0.477707, -0.331512, -0.531880, 0.356662, 0.177269, -0.480174, 0.110606, 0.131339, -0.393776, -0.014383, -0.040687, -0.172858, -0.378229, 0.211770, -0.345559, -0.120751, 0.058680
-0.197786, -0.460804, -0.403321, 0.232611, -0.582206, -0.316277, 0.357567, 0.145844, 0.374603, -0.174582, 0.064973, 0.153555, -0.493907, -0.455209, 0.158242, -0.049962, 0.059009, -0.101123, -0.403731, -0.573986, -0.840419, -0.227164, 0.104268, -0.586583, 0.266527, -0.226122, -0.146933, 0.351671, -0.428587, -0.512286, -0.118828, -0.104370, 0.012914, 0.536537, 0.019158, 0.052640
0.449363, -0.178278, -0.240355, -0.695708, 0.525951, 0.038386, 0.476230, -0.021406, 0.554888, -0.169006, 0.050263, -0.273949, 0.170922, -0.238947, 0.140714, -0.237830, 0.118731, 0.050204, -0.071515, 0.539554, -0.416138, 0.260234, 0.509144, 0.567270, -0.006561, -0.173519, -0.179309, 0.247801, -0.500472, 0.240726, -0.272051, -0.013790, -0.528723, -0.436385, -0.373612, -0.360690
0.314785, 0.316400, -0.547681, -0.375444, 0.435686, 0.013754, -0.190786, 0.228022, -0.118637, 0.436437, -0.069840, -0.201313, -0.161540, -0.038194, -0.291329, 0.012135, -0.113549, 0.026534, -0.397048, 0.352776, 0.348521, -0.089497, 0.163034, -0.465760, 0.156070, -0.137495, -0.473772, -0.543097, -0.343014, 0.248345, 0.371611, -0.156689, -0.328892, 0.890803, -0.332659, 0.553013
0.417511, -0.237171, -0.433492, -0.261692, -0.475721, 0.469210, 0.281309, -0.365183, -0.154119, -0.872829, -0.337729, -0.214223, 0.496989, 0.245148, -0.112888, 0.062437, -0.005278, 0.588939, -0.547900, 0.338907, -0.764504, -0.017913, 0.247664, 0.583966, -0.341371, -0.166927, 0.027692, 0.190587, 0.144968, 0.097456, 0.157563, -0.365196, -0.595562, 0.642817, 0.120217, 0.435100
-0.620020, -0.460498, -0.221865, 0.375035, 0.430810, -0.326732, 0.187153, 0.267733, 0.102883, 0.365394, 0.260104, -0.037835, 0.068128, 0.009936, 0.578813, -0.063230, 0.393093, -0.380277, 0.149707, 0.505179, 0.783602, 0.021514, 0.330072, -0.422917, -0.122796, 0.332521, 0.350598, -0.400585, 0.183397, -0.157677, -0.092375, 0.168906, 0.437081, -0.544846, -0.186435, -0.436009
0.133217, -0.513945, -0.023589, -0.268108, -0.642179, 0.031153, 0.600694, -0.485174, 0.047234, -0.476346, -0.534571, -0.639099, 0.613651, -0.206934, 0.089169, 0.016883, -0.311584, -0.339558, -0.329461, 0.337818, 0.217823, 0.182437, -0.575569, -0.112298, 0.147695, -0.427996, -0.636042, 0.038207, 0.081819, -0.435983, -0.247052, 0.265539, -0.461186, 0.416451, -0.102721, -0.147175
0.671516, -0.633017, 0.253788, -0.739720, -0.445716, 0.072642, 0.231821, 0.238408, -0.431238, 0.529375, 0.190111, -0.655994, -0.263754, -0.305915, 0.060349, -0.027410, 0.199012, -0.145435, 0.004181, 0.160618, 0.160153, -0.595176, 0.064508, -0.239479, -0.525567, 0.282690, -0.303302, -0.146008, 0.302455, -0.172709, -0.196457, -0.560647, -0.377367, 0.009444, 0.469052, 0.211927
-0.738451, -0.508725, 0.092568, -0.246649, -0.343996, 0.504446, -0.349330, 0.239264, -0.496614, 0.059902, 0.182156, -0.291924, -0.235056, -0.486618, -0.054552, -0.032047, 0.355767, -0.395209, -0.037167, 0.214243, -0.366080, -0.687163, 0.269354, 0.543647, 0.230164, 0.349579, -0.154997, -0.478412, -0.369497, -0.319988, -0.125760, -0.339790, 0.345433, 0.100674, 0.121272, 0.592330
-0.545428, -0.215736, -0.190236, -0.543852, -0.548994, 0.147454, 0.030249, 0.269813, -0.244810, 0.141050, -0.248415, 0.148362, 0.210006, -0.348368, 0.443262, -0.056479, 0.093372, -0.044216, -0.194681, -0.740536, -0.489250, 0.328367, -0.519395, -0.147774, -0.174560, -0.413341, -0.185820, -0.069965, 0.265823, -0.674283, -0.234561, -0.041490, 0.045861, 0.074989, 0.450461, 0.117844
0.204071, -0.304458, -0.220240, -0.167058, 0.250768, 0.369330, -0.160662, -0.839957, 0.161775, -0.018930, -0.334181, 0.024324, -0.054670, 0.568171, 0.116166, -0.504544, -0.254019, 0.299524, 0.271855, -0.068411, 0.171234, -0.485382, 0.186260, -0.505115, 0.261438, -0.503354, 0.065250, -0.479893, 0.554787, 0.100277, -0.020693, -0.148772, 0.014206, -0.613372, -0.315092, -0.367438
-0.203701, -0.421196, -0.506564, 0.224017, 0.046396, -0.201241, -0.055652, -0.147032, 0.478603, -0.085783, -0.556114, -0.529373, -0.413146, -0.122330, 0.076216, -0.459948, -0.075714, 0.224298, 0.121191, 0.061591, 0.247332, 0.118069, 0.305418, 0.646705, -0.457335, -0.489892, -0.077990, 0.064677, -0.192737, -0.377917, -0.272484, -0.502990, -0.170437, 0.349315, 0.186734, -0.158305
-0.057881, 0.084135, -0.237398, 0.208224, -0.451319, 0.062698, -0.474111, -0.368832, 0.046027, 0.069169, 0.118665, 0.152064, 0.550016, -0.061835, -0.439787, -0.156132, -0.273488, 0.050343, -0.244009, 0.393606, 0.194157, 0.386215, -0.207975, 0.023069, -0.286584, -0.186688, 0.471283, 0.287326, 0.206802, 0.007080, -0.399063, -0.295975, 0.498146, -0.176952, -0.402325, 0.415503
-0.088400, -0.142369, -0.180792, 0.254811, -0.052674, 0.040243, -0.183499, -0.256616, -0.387023, 0.458777, 0.216229, -0.181399, -0.189317, -0.247522, -0.167131, 0.328942, -0.190426, -0.393792, 0.057523, -0.246057, -0.078573, -0.008409, -0.201747, -0.157196, 0.433586, -0.090968, -0.302008, 0.327141, -0.129623, 0.292403, 0.360017, -0.067831, -0.397428, -0.293776, 0.234566, 0.110399
0.172301, -0.678471, 0.096969, -0.578744, -0.253201, -0.065804, 0.394701, -0.163227, -0.360499, -0.352005, 0.153499, 0.421271, 0.279758, -0.222752, -0.287074, 0.275881, 0.133266, -0.195699, -0.088026, 0.036417, -0.042091, 0.230407, -0.209635, 0.062340, -0.040881, -0.059392, -0.012262, 0.351485, 0.408262, 0.423701, -0.139516, -0.396050, -0.322721, 0.523799, 0.348504, 0.579394
-0.151866, -0.317032, 0.051814, 0.502131, -0.435413, 0.186531, -0.106814, 0.287795, 0.041760, 0.227337, 0.545935, -0.037299, 0.040558, 0.176051, 0.097344, -0.245880, -0.104619, 0.266786, -0.142458, 0.181370, -0.080963, -0.310211, -0.502897, 0.079892, 0.102645, -0.279739, 0.180439, -0.000283, 0.215998, -0.250407, -0.327644, -0.058991, 0.406155, 0.553169, -0.394280, 0.009954
-0.334580, 0.120224, 0.421585, 0.069146, -0.202251, -0.325030, -0.704245, 0.331622, -0.145624, 0.159752, -0.007195, 0.278214, 0.448235, -0.532865, -0.224679, -0.077028, 0.013210, -0.410424, 0.388528, -0.518337, 0.706571, 0.308242, -0.375583, 0.285408, 0.175291, -0.107579, -0.330599, 0.460218, -0.078079, 0.311569, -0.269397, -0.838739, -0.469213, -0.148266, 0.099513, -0.225688
-0.561139, 0.097579, -0.511890, 0.413508, -0.523305, 0.148271, -0.004217, -0.242703, -0.564273, -0.420177, 0.411047, 0.472170, 0.406826, -0.495739, 0.191945, 0.115451, -0.304892, 0.114809, -0.081017, -0.429501, 0.242038, -0.430406, 0.073106, 0.034175, 0.285266, 0.128697, -0.419001, -0.448351, -0.327615, 0.073887, 0.203563, 0.180797, -0.429449, 0.297448, -0.433689, 0.270137
-0.162098, 0.181365, -0.535874, -0.089885, 0.024270, 0.422111, -0.041375, -0.257045, 0.192248, -0.493205, -0.044449, -0.026369, -0.203974, -0.183066, -0.034932, -0.338343, -0.654102, -0.321234, 0.294856, -0.450367, 0.332508, 0.067947, 0.088592, 0.234834, 0.074046, 0.413811, -0.314984, 0.503694, -0.266539, 0.076528, -0.115316, 0.630967, -0.317680, 0.247165, 0.753130, 0.015278
-0.447680, 0.093552, 0.263599, -0.156195, 0.523720, 0.125702, -0.072073, 0.256105, -0.493723, 0.212864, 0.329595, 0.030460, 0.138414, -0.121680, -0.093255, 0.230716, -0.171474, 0.553883, -0.548275, -0.205558, -0.285439, 0.317994, 0.148955, 0.395581, 0.551215, 0.490511, 0.302811, -0.067543, -0.158413, -0.133744, 0.400851, -0.393435, -0.042597, -0.552474, 0.045244, -0.222311
-0.260028, -0.167697, -0.412944, 0.139492, 0.074298, -0.012836, 0.166483, 0.103021, -0.605695, 0.023404, -0.244734, 0.175056, -0.407734, -0.551772, 0.448450, -0.390987, -0.451397, -0.037332, 0.195092, -0.612630, 0.002671, -0.441967, -0.505283, 0.550225, -0.350108, -0.085152, 0.021100, -0.403173, -0.410966, 0.539498, -0.633687, 0.106956, 0.088943, -0.224188, -0.156268, 0.120646
0.228462, -0.581653, 0.014872, -0.066713, 0.404403, 0.038279, 0.504741, 0.273987, -0.634722, 0.149482, -0.326717, -0.025477, -0.422813, -0.417227, -0.297755, -0.496494, -0.120101, -0.277944, 0.059853, 0.537908, 0.191952, -0.041338, 0.128781, 0.207406, -0.308941, -0.183476, -0.183707, 0.074991, -0.226159, -0.111025, 0.228003, -0.315464, 0.193988, 0.577452, 0.031957, -0.243410
-0.263652, -0.110917, 0.041000, -0.095946, 0.296036, 0.509567, -0.362714, -0.219044, 0.124467, 0.047490, 0.050016, -0.078427, -0.098780, -0.162034, -0.429709, 0.151250, 0.246328, -0.594181, 0.105531, -0.208293, -0.051425, -0.375620, -0.476001, 0.212377, -0.121370, -0.605740, -0.510261, -0.077649, -0.195232, -0.610225, -0.373399, 0.321879, 0.459144, -0.215334, -0.228380, -0.320519
0.099372, -0.057150, 0.075586, 0.088930, -0.403395, -0.218357, -0.136305, -0.446546, -0.368775, -0.195405, -0.093275, 0.304909, -0.243452, 0.139844, -0.645649, -0.509180, -0.436733, 0.312501, -0.334587, -0.507194, 0.414890, -0.419918, 0.073310, -0.073200, -0.517735, -0.406636, -0.315076, 0.209544, -0.209580, 0.170565, -0.586837, -0.186380, 0.014764, -0.324627, -0.441712, 0.523653
-0.136678, -0.369968, 0.051109, 0.310394, -0.130331, 0.481807, 0.033993, -0.390827, -0.003389, -0.483966, -0.018646, 0.158878, -0.503744, -0.411522, -0.627012, 0.145803, -0.300917, -0.316700, -0.294707, -0.226061, 0.594971, -0.276964, -0.385079, 0.649430, -0.325936, 0.395631, 0.057898, 0.336445, -0.228475, -0.488183, 0.219658, 0.237142, 0.508316, 0.403112, 0.487012, -0.497692
-0.386276, 0.402788, -0.011713, 0.496475, -0.132312, -0.500073, 0.306348, 0.270724, -0.300476, -0.196806, -0.437031, -0.190569, -0.287732, 0.165350, -0.151834, 0.292789, 0.277276, -0.406859, -0.097156, 0.281147, 0.273741, 0.239420, 0.344261, -0.254011, -0.408261, 0.254841, -0.369852, -0.031421, 0.302778, -0.359484, 0.234395, -0.317136, -0.224804, -0.132863, 0.321241, -0.056642
-0.044120, -0.367464, -0.396700, 0.446507, 0.334601, 0.004881, 0.403251, 0.294949, 0.330563, -0.560377, -0.141327, 0.107727, -0.253863, -0.088469, -0.314722, 0.195277, -0.030508, -0.157178, 0.138330, -0.665355, 0.287566, -0.333535, 0.106535, -0.133643, 0.118674, -0.317653, 0.404450, 0.002020, -0.545209, 0.078251, -0.332076, 0.119160, -0.259225, -0.586693, -0.692250, -0.545557
0.255009, 0.270166, -0.411563, 0.348767, -0.147129, -0.384730, 0.343934, 0.091609, -0.540698, -0.337869, -0.052222, 0.273018, 0.147232, -0.230245, 0.269617, 0.078029, 0.266599, -0.487823, 0.268708, -0.124439, -0.443648, 0.442354, -0.172479, -0.197610, -0.291193, -0.184038, -0.495302, -0.144242, -0.213683, -0.462958, -0.638966, -0.063056, -0.023335, 0.414576, 0.207908, -0.276377
0.161521, 0.610848, -0.117810, -0.168962, -0.444752, 0.189060, 0.398242, 0.460012, 0.332361, -0.851156, 0.088611, -0.347769, -0.153796, 0.271953, 0.059172, 0.251678, 0.309369, -0.240868, 0.071372, 0.457577, -0.814853, 0.206242, 0.075335, 0.223398, -0.404198, 0.123271, -0.305755, -0.420288, 0.166516, 0.359354, -0.363361, 0.461591, -0.295168, -0.020342, -0.426310, 0.013745
0.302494, -0.025686, 0.191211, 0.213741, 0.463389, -0.220309, -0.117169, 0.170491, 0.474070, 0.071184, -0.159997, -0.347894, 0.364339, 0.036224, -0.723096, 0.415989, 0.222461, -0.430190, -0.417596, 0.207763, -0.194498, 0.575329, -0.454122, -0.275383, 0.575465, -0.097222, -0.085670, 0.307754, -0.173186, 0.103934, -0.328010, -0.050476, -0.285274, -0.175784, -0.187706, 0.424182
-0.483156, 0.443359, 0.372969, -0.106637, -0.022498, 0.246874, -0.028763, -0.421709, -0.477290, 0.502181, -0.089481, -0.459878, 0.138012, 0.602376, -0.468530, 0.000241, -0.253722, -0.458902, -0.392178, -0.252054, 0.370178, -0.172318, -0.213912, 0.251094, -0.173327, 0.051229, 0.205965, -0.321326, -0.587733, -0.174507, 0.691916, 0.174857, -0.508246, -0.088616, 0.039352, 0.139832
-0.467124, 0.352684, 0.008086, 0.189299, -0.341062, 0.011474, -0.090471, 0.579274, -0.246340, -0.101164, -0.124887, 0.288239, -0.322494, 0.232575, -0.480044, -0.276080, 0.460394, 0.205604, 0.149376, -0.020170, -0.040063, 0.055165, -0.206795, -0.235657, -0.134143, -0.837928, -0.191109, -0.533695, -0.215825, 0.298187, -0.093433, 0.128089, 0.325896, 0.286033, -0.455445, -0.252978
-0.098497, 0.105939, 0.362380, -0.360516, 0.152690, -0.216389, 0.352534, -0.425061, 0.451818, 0.050732, -0.383346, 0.279789, -0.223325, -0.176515, 0.435765, 0.263369, -0.175516, -0.322231, 0.073186, 0.435903, -0.315697, -0.294522, 0.053619, 0.247462, -0.877297, -0.243958, 0.243585, 0.314387, 0.539908, -0.129539, 0.399097, -0.343119, -0.569098, -0.209414, 0.184824, -0.160064
-0.441167, -0.041197, 0.035622, 0.611321, 0.304918, -0.009136, 0.268191, -0.073777, 0.086064, -0.249954, 0.568368, -0.211455, -0.252922, -0.987105, -0.058866, 0.306974, -0.449184, 0.097976, -0.100640, -0.023024, -0.364996, 0.339258, 0.260640, -0.461092, 0.170824, 0.350230, -0.470273, 0.011646, 0.120002, -0.603114, -0.166010, -0.191521, -0.640364, 0.087286, -0.664042, -0.208217
-0.144871, -0.001143, 0.510383, -0.352940, 0.289129, -0.140222, -0.638369, -0.426363, 0.528708, -0.137430, -0.092834, 0.143370, 0.150212, 0.301550, -0.461493, 0.283154, -0.551083, -0.321817, 0.427503, -0.048246, -0.458351, -0.441772, 0.435191, 0.219620, -0.214059, -0.216022, -0.246434, -0.247617, -0.139670, -0.447411, 0.447593, -0.139125, 0.458839, 0.127502, 0.263384, 0.106528
0.044030, 0.438155, -0.386133, 0.029177, -0.447317, -0.541624, -0.457738, -0.621886, 0.200117, 0.100996, 0.011535, -0.376479, 0.254652, 0.075330, 0.227203, -0.538929, -0.640443, -0.011177, 0.009770, 0.601197, -0.385971, 0.265985, -0.547920, -0.385065, -0.605691, -0.035273, -0.023038, 0.559430, -0.461170, 0.273144, 0.755466, 0.232748, 0.244185, -0.120138, -0.644351, 0.185565
-0.360855, 0.160685, 0.126900, 0.314540, 0.351401, 0.211361, -0.270486, 0.107948, 0.183307, 0.005963, 0.014427, 0.050200, -0.133256, 0.379546, 0.029256, -0.059571, 0.093950, -0.093316, 0.413168, -0.319051, -0.910023, 0.119160, 0.003230, -0.161936, -0.312109, 0.497240, 0.411062, -0.191377, -0.144532, 0.128245, -0.650236, -0.059171, 0.383628, 0.457737, -0.181981, -0.347646
0.031407, 0.241674, 0.382968, 0.146958, 0.235842, -0.351556, 0.106585, -0.112491, 0.262937, 0.059904, -0.104241, 0.462316, 0.294407, -0.349237, -0.504138, -0.035861, -0.348528, 0.101447, 0.291093, 0.057291, -0.211553, -0.069709, -0.062654, -0.314268, -0.378479, 0.244254, -0.532008, 0.030664, -0.102187, -0.574714, 0.204126, 0.027989, -0.355763, -0.346952, -0.073324, -0.286482
0.258019, -0.725356, -0.041127, -0.497889, 0.597102, 0.545884, -0.016992, 0.614570, -0.023891, -0.361697, -0.218361, -0.055769, -0.398491, -0.400218, 0.346519, -0.166372, -0.216315, -0.443325, -0.565921, 0.336735, 0.249436, -0.154646, -0.535627, 0.098868, 0.002151, -0.105508, 0.192941, -0.246693, -0.037850, 0.147781, -0.145874, -0.284727, 0.334969, -0.220614, 0.014089, -0.487267
0.131404, -0.220283, 0.519001, -0.563113, 0.587494, -0.263894, -0.017828, -0.444555, 0.242302, -0.168800, 0.347094, 0.047887, 0.490673, -0.238116, 0.037502, -0.330018, 0.528865, -0.127888, -0.028103, 0.272595, -0.334464, 0.740930, -0.659404, 0.403685, 0.102236, -0.432021, -0.518890, 0.260294, 0.018193, -0.233870, 0.191603, -0.242669, -0.310921, -0.142417, 0.359952, -0.496958
0.217743, -0.005135, 0.269437, -0.335057, 0.037008, -0.443187, 0.260144, 0.598880, -0.016767, 0.040736, 0.247003, 0.182795, 0.540868, 0.379338, -0.233807, -0.617524, -0.581411, 0.304273, -0.262726, -0.233339, 0.374171, -0.442740, -0.327485, -0.322295, 0.311209, -0.400322, -0.419623, -0.190676, -0.554347, -0.370831, 0.230609, -0.147242, 0.007718, 0.022515, -0.038757, -0.162991
-0.580929, 0.568860, -0.363119, 0.308863, 0.256646, -0.175858, 0.232255, -0.070564, 0.080925, -0.551583, 0.094620, 0.265156, -0.004472, 0.224690, -0.156345, 0.427447, 0.407876, -0.663095, -0.122478, -0.255665, -0.072724, -0.192194, 0.233205, -0.548681, -0.413012, 0.385488, -0.056837, -0.357738, -0.501363, -0.036751, 0.214460, 0.062721, -0.286851, -0.290333, 0.415381, 0.109961
-0.387606, -0.025741, -0.731673, -0.374109, -0.152631, -0.042494, -0.083205, 0.480235, -0.139183, -0.232362, -0.276003, 0.257305, 0.083037, 0.139017, -0.098740, -0.134276, -0.332174, 0.027259, 0.066530, 0.157190, 0.222352, 0.138428, -0.745719, 0.430416, -0.179662, -0.177181, 0.082566, -0.006332, 0.014642, 0.218211, -0.410462, -0.227121, -0.224743, 0.022536, 0.151679, -0.015494
0.309371, -0.667768, 0.520949, -0.157507, -0.267555, 0.095714, -0.241572, -0.129234, 0.067438, 0.107579, -0.028105, 0.152735, -0.068115, -0.771560, 0.248894, 0.133767, 0.072858, 0.139667, 0.297149, 0.607320, -0.386204, 0.203069, 0.322223, -0.330834, 0.214079, -0.346423, -0.240648, 0.414719, 0.126645, -0.710464, 0.445353, 0.365645, -0.472813, -0.048547, -0.624280, -0.583398
-0.251786, 0.183846, 0.001932, -0.574674, -0.105767, 0.160295, 0.312614, -0.705583, -0.219810, 0.323625, 0.218714, -0.019832, -0.244605, -0.013848, 0.140255, 0.445640, 0.329937, -0.168760, 0.160644, 0.035273, 0.262912, 0.152608, -0.403402, -0.232176, 0.108315, 0.128680, 0.152882, -0.680587, -0.403337, -0.543051, 0.058227, -0.320523, -0.329771, 0.214029, -0.443669, -0.420133
0.347933, -0.100676, 0.030505, -0.091106, -0.502439, -0.458320, -0.601634, -0.010653, -0.046551, -0.538850, 0.288447, -0.788434, 0.337894, -0.272183, 0.155283, -0.234129, 0.212092, 0.254222, 0.145177, -0.234231, -0.706784, 0.304743, -0.325360, -0.122789, 0.550874, 0.392725, 0.501734, -0.140838, -0.258628, -0.189186, 0.003779, -0.105003, -0.494592, -0.329277, 0.330400, -0.149263
0.021074, 0.056072, 0.548248, -0.376327, -0.305870, -0.026631, -0.172683, -0.102163, 0.022451, 0.253138, 0.342545, 0.052524, 0.122118, 0.068494, 0.128093, -0.183265, 0.359156, -0.293685, -0.571791, -0.676192, -0.132693, -0.511102, 0.281709, 0.382219, 0.193510, -0.761514, 0.583806, -0.005136, 0.496588, -0.069420, 0.270845, 0.058195, -0.184617, 0.395350, -0.106209, -0.474740
-0.296753, 0.610849, 0.388030, -0.524169, 0.356943, 0.296964, -0.291647, -0.439028, -0.305703, -0.199937, 0.256862, -0.566818, -0.125748, 0.261602, -0.756515, -0.227542, 0.273150, 0.276309, -0.035735, 0.104296, -0.303583, -0.458527, 0.149061, 0.119136, 0.241106, -0.284739, 0.249176, -0.257766, -0.074785, -0.209762, -0.592105, 0.347570, 0.285913, -0.117599, 0.107045, 0.399095
0.073213, -0.131619, 0.325116, -0.241426, 0.364989, -0.287089, -0.092619, 0.011958, 0.329525, 0.065968, 0.056340, -0.177106, 0.279440, 0.113974, -0.266736, -0.163186, 0.230180, -0.225405, -0.161409, 0.339484, -0.611510, 0.531284, -0.010350, -0.498776, -0.330190, -0.185927, 0.134239, 0.220963, 0.061442, 0.317346, -0.146587, 0.366887, -0.014300, 0.583108, 0.096235, 0.463399
0.082124, 0.281057, -0.707134, 0.639496, 0.145886, -0.314035, -0.079074, -0.797845, -0.126722, 0.555565, -0.159157, -0.353131, -0.350628, -0.551071, 0.309095, -0.513505, 0.602807, -0.460493, -0.179721, -0.138882, -0.718251, 0.011272, -0.203322, -0.440229, 0.327100, -0.562063, 0.157498, 0.203341, 0.444980, -0.093018, -0.236499, 0.375017, 0.216030, 0.078792, 0.718219, -0.143300
0.457710, -0.475378, -0.112552, 0.514742, -0.052349, 0.034966, -0.312174, -0.232447, 0.464296, 0.087367, -0.244366, -0.226459, -0.332420, -0.331174, -0.334332, 0.361192, 0.024354, -0.033192, 0.205810, 0.443856, -0.202326, -0.102666, -0.465295, -0.148866, -0.238625, -0.182309, -0.422677, -0.177582, 0.123320, -0.181419, -0.094864, 0.333534, -0.399070, -0.302990, 0.145299, -0.020626
-0.444857, -0.328465, -0.414897, -0.264614, -0.297698, -0.603436, 0.242595, -0.275760, -0.602750, -0.116523, -0.208626, -0.400877, -0.283243, 0.473204, 0.346828, -0.796897, 0.268135, 0.003556, -0.093688, 0.483543, 0.276028, -0.219201, -0.167124, -0.156678, -0.544305, 0.100303, 0.530193, 0.490172, -0.281692, -0.506402, 0.166568, -0.164521, -0.495448, 0.179631, -0.379799, 0.213091
-0.229431, 0.740679, -0.773100, -0.117729, -0.103665, 0.034526, 0.161870, -0.457996, -0.526864, -0.334189, -0.414313, -0.017981, 0.042295, -0.058677, 0.138504, 0.437453, -0.524723, -0.537660, 0.362577, 0.388586, 0.284695, 0.580981, 0.112498, 0.161348, 0.122306, 0.515329, -0.469615, 0.273032, -0.357852, 0.236201, -0.019087, -0.434831, -0.189859, -0.303670, 0.271539, -0.375229
0.275320, 0.625604, -0.350112, 0.283953, -0.587042, -0.006867, 0.121516, -0.242254, -0.099462, 0.121690, -0.289584, -0.329946, -0.168933, -0.277933, -0.114586, -0.000210, 0.105601, -0.029558, -0.064336, -0.662301, 0.282718, -0.081844, 0.410118, -0.328042, 0.530451, 0.484433, -0.550451, -0.332689, -0.399324, 0.246797, -0.215725, -0.443806, 0.395471, 0.260799, -0.284438, 0.502392
-0.468674, -0.137908, -0.159591, 0.027931, -0.280801, -0.534184, 0.663576, -0.124303, 0.133756, -0.172193, -0.705647, -0.043909, 0.001014, -0.428606, -0.346904, -0.401581, 0.385938, 0.238961, 0.339540, -0.384780, -0.407183, -0.139270, -0.388204, -0.209171, 0.497592, 0.252117, 0.342723, 0.163414, 0.400377, 0.153261, -0.435181, 0.388965, -0.087836, -0.063625, -0.448337, -0.543266
-0.195401, -0.469106, -0.024871, 0.073603, 0.470495, 0.341264, -0.522695, 0.160069, 0.245046, 0.124293, 0.107948, 0.277455, -0.348943, 0.057512, 0.630399, -0.105990, 0.187123, -0.518377, 0.534680, -0.777388, -0.386544, -0.146564, 0.416444, 0.259084, -0.170742, -0.050868, 0.220385, 0.447177, -0.231048, 0.483973, -0.412897, 0.025818, -0.301852, -0.690795, -0.227642, 0.282313
-0.340230, 0.160969, 0.222026, -0.008337, 0.229085, 0.100611, -0.205186, 0.625055, -0.247887, -0.105953, 0.217307, 0.335721, -0.549643, 0.308001, 0.466263, 0.434671, -0.161410, 0.186389, 0.164226, -0.018828, 0.300361, -0.245968, 0.087581, 0.507804, -0.328860, 0.081736, 0.384971, -0.650327, -0.191706, 0.401576, -0.005794, -0.336011, -0.214819, 0.446037, 0.323072, 0.379606
0.484045, 0.172167, 0.557503, -0.398744, -0.724014, 0.380878, 0.288690, -0.004528, 0.379385, 0.334692, 0.169930, -0.516572, -0.365124, -0.276702, -0.145514, 0.286880, -0.284431, -0.063883, -0.490033, -0.250905, 0.186372, -0.037125, -0.529867, 0.603275, 0.133021, -0.599829, -0.119068, -0.540604, -0.229172, -0.419824, 0.010124, 0.343477, -0.217348, 0.525068, 0.418330, -0.091312
-0.277946, 0.232708, 0.348845, -0.128935, -0.589427, 0.060478, -0.341102, 0.096317, -0.193168, 0.241776, 0.010122, -0.562402, 0.229498, -0.270001, 0.358375, -0.148984, -0.200098, 0.614322, -0.260401, -0.384944, 0.429498, 0.518934, 0.311221, -0.472232, 0.065082, -0.633524, -0.085807, 0.350703, -0.208678, -0.067387, 0.265006, -0.952862, 0.302348, 0.444822, -0.107962, 0.317956
-0.580851, -0.249614, -0.317919, -0.298055, 0.257049, -0.058863, -0.375558, 0.180385, -0.438288, 0.395311, 0.174953, -0.004985, -0.278542, -0.048776, 0.048884, -0.623985, 0.184177, -0.405192, 0.096728, -0.433324, 0.131117, -0.156352, -0.633020, 0.013251, -0.234593, -0.066489, -0.516112, -0.285949, -0.161100, -0.466871, 0.287434, 0.197132, 0.166470, -0.127508, 0.310396, 0.311144
0.152618, 0.052318, -0.487990, -0.270067, -0.191300, -0.082325, 0.188157, -0.096879, 0.124332, -0.136287, -0.334000, -0.021045, -0.113988, 0.456767, -0.094886, 0.484292, -0.585164, 0.109246, -0.161308, -0.584238, 0.585752, 0.266814, 0.112390, -0.372721, 0.226606, 0.458197, -0.190196, 0.144833, -0.234383, -0.387442, -0.393795, -0.056069, 0.092027, 0.417455, -0.458256, -0.471980
0.101440, 0.591690, 0.205474, 0.074475, -0.195615, 0.028335, -0.027407, -0.290554, 0.275312, -0.018566, -0.087869, 0.321476, 0.466321, -0.703610, -0.700497, 0.279253, 0.555076, -0.105301, -0.221760, 0.442847, 0.578637, 0.410284, -0.085200, 0.339067, -0.034295, -0.229277, 0.306323, -0.063964, -0.129253, -0.391897, 0.067141, 0.241301, -0.111970, -0.368872, -0.361784, 0.233273
0.229456, -0.042305, 0.170103, 0.082347, -0.047605, -0.750334, 0.288174, 0.320986, -0.277800, -0.325243, -0.344050, 0.241830, -0.193708, -0.900937, 0.112307, 0.372761, -0.125026, 0.360734, 0.427555, 0.188790, -0.045828, 0.356189, -0.152236, 0.252270, -0.280921, 0.221359, 0.274087, -0.308433, -0.386197, -0.230421, -0.043548, -0.129471, 0.168131, -0.616653, 0.349545, -0.534877
0.028557, -0.324350, -0.280461, -0.733315, 0.055189, 0.424310, -0.145978, 0.561699, -0.138192, -0.076776, -0.169486, 0.346874, -0.321356, 0.444824, 0.250007, -0.128285, -0.392337, -0.384667, 0.326173, 0.104716, 0.309442, 0.696823, -0.287376, -0.466340, 0.266739, -0.101915, -0.489570, -0.315663, 0.081859, 0.016030, -0.439238, -0.223222, -0.552607, -0.206333, -0.542265, 0.353648
0.001069, 0.543296, 0.304860, -0.188244, -0.198532, -0.275642, -0.494643, 0.102291, 0.373769, -0.292344, 0.552630, -0.384129, -0.150783, 0.110009, -0.404685, 0.148095, -0.307164, -0.331110, 0.022330, -0.274253, -0.064752, 0.258053, 0.311610, 0.429436, -0.392594, 0.195575, 0.048981, -0.199908, 0.285154, -0.194355, 0.212289, 0.113503, 0.067927, -0.355015, -0.373130, -0.532845
0.158875, -0.189883, 0.139208, -0.573329, 0.334797, -0.320313, 0.091126, 0.273651, 0.007085, -0.118800, -0.007988, 0.288586, 0.128469, 0.314560, 0.006675, 0.441265, 0.353735, -0.417972, -0.608653, 0.445406, -0.533975, -0.067735, -0.492579, -0.342497, -0.261128, 0.335001, -0.463723, 0.128491, -0.122487, -0.001033, -0.012711, 0.095101, 0.491998, 0.191962, -0.471223, 0.086824
0.175492, 0.248613, -0.655909, 0.051953, 0.172944, -0.410498, -0.553759, 0.167931, 0.363939, 0.348552, -0.371227, -0.586080, -0.210548, 0.112199, -0.474213, -0.079989, 0.359264, -0.608125, 0.440563, 0.231580, 0.147543, -0.574471, 0.326734, -0.066417, 0.109616, 0.255477, 0.018853, 0.240710, 0.233089, -0.010639, -0.818267, -0.283397, 0.136341, -0.093113, -0.372814, -0.030534
-0.517402, -0.553374, -0.380417, 0.316926, -0.311864, 0.487845, -0.251976, -0.330861, -0.068354, 0.042747, -0.250655, 0.485823, 0.465279, 0.356444, 0.071294, 0.015416, 0.181074, 0.055567, 0.179629, 0.044332, -0.197473, 0.412687, 0.116564, -0.147027, -0.090875, -0.361452, -0.424720, 0.118979, 0.333224, -0.024716, -0.172208, 0.191260, -0.363670, 0.394439, -0.534992, -0.498833
0.290495, -0.210848, -0.742344, 0.210652, 0.533414, -0.135370, 0.506934, -0.077541, 0.053842, -0.411123, -0.871593, -0.081877, -0.707532, -0.078198, 0.477703, -0.039822, 0.368174, 0.490810, 0.017266, -0.872040, 0.518151, 0.010398, 0.194108, 0.236682, -0.417352, -0.468437, -0.211657, 0.385936, -0.250032, -0.247770, -0.481078, -0.218557, -0.454744, 0.209992, 0.261970, 0.392982
-0.356076, -0.310380, 0.036075, -0.172063, -0.386968, -0.208863, -0.178158, 0.360523, -0.347741, -0.111456, -0.930710, -0.438007, 0.125909, 0.256142, 0.551247, -0.500588, -0.387172, 0.051900, -0.168955, -0.114742, 0.085672, -0.419190, 0.333306, 0.107786, -0.230980, 0.260125, 0.250549, -0.167100, 0.336296, -0.432497, -0.187157, -0.142401, 0.028328, -0.353267, -0.098516, -0.137009
-0.196236, 0.166990, -0.489390, -0.414483, 0.070374, -0.269904, -0.296718, 0.470048, 0.041177, 0.331773, -0.499471, 0.112213, -0.374915, 0.378235, -0.379631, -0.480237, 0.383894, 0.087285, -0.326352, 0.196006, -0.360568, -0.441100, -0.185189, -0.167625, -0.082067, 0.356639, 0.023640, -0.548503, -0.053652, 0.320237, -0.349696, 0.109699, 0.128100, -0.285149, 0.427370, -0.197168
-0.516407, -0.304035, -0.438312, 0.046897, 0.291040, 0.420034, -0.341391, -0.322677, -0.101270, -0.657338, -0.001412, -0.407595, 0.505754, -0.464015, 0.294391, -0.056885, 0.546142, -0.049659, -0.415255, -0.310657, -0.036178, 0.207696, -0.254409, 0.045617, 0.394701, -0.400179, -0.097697, -0.229680, 0.151308, -0.548350, 0.078956, -0.661358, -0.674759, -0.361972, 0.236278, 0.489350
-0.410999, -0.064232, 0.360498, 0.468067, -0.576876, 0.163037, 0.683105, 0.092087, -0.149293, 0.167893, 0.510004, 0.292923, -0.457583, -0.350294, 0.069109, 0.399837, 0.182730, 0.450748, 0.145989, 0.111833, 0.203722, -0.083654, 0.243269, 0.027859, -0.492722, -0.243737, -0.320602, 0.186120, -0.302786, 0.018822, -0.123370, 0.103637, 0.586269, 0.153345, -0.282987, -0.021875
-0.434799, 0.006377, -0.070890, -0.322613, 0.184397, 0.388190, -0.300699, 0.293376, 0.044566, -0.388756, 0.514295, 0.145168, 0.153659, -0.660996, 0.123405, 0.256010, -0.509838, -0.246130, -0.679898, -0.365801, 0.224024, -0.447775, -0.195198, -0.197955, 0.678271, 0.520188, 0.556741, -0.611155, 0.560424, -0.110293, -0.505225, -0.547581, 0.386829, 0.288956, -0.477524, -0.160061
0.401244, 0.145349, -0.209377, -0.419476, 0.063422, -0.427208, -0.338258, -0.041557, 0.503790, 0.290893, -0.099077, 0.116778, -0.530680, -0.426739, 0.582348, 0.428046, -0.121853, -0.277085, -0.333029, -0.410636, -0.231984, 0.445996, -0.035358, 0.095210, -0.074852, 0.321004, -0.364878, -0.627732, 0.050186, -0.108549, -0.599413, 0.301061, 0.309153, 0.571653, 0.532814, 0.232473
-0.009354, 0.107902, -0.480589, -0.592618, -0.399488, -0.419951, -0.091060, 0.505592, -0.433888, -0.373041, 0.051364, 0.255823, 0.049262, -0.124612, 0.431617, 0.286926, 0.096637, 0.091117, -0.259142, -0.064837, 0.379290, -0.756699, 0.325569, 0.081165, 0.224233, 0.045460, -0.011814, -0.018734, 0.279484, -0.449163, -0.187086, 0.690244, 0.401422, 0.207195, 0.148134, 0.484820
-0.210994, 0.756629, -0.111003, -0.587966, -0.376322, -0.267443, -0.056108, 0.256009, 0.417003, 0.161371, -0.249824, 0.307813, -0.334613, -0.125674, -0.353732, 0.090324, -0.271444, 0.423093, 0.111083, 0.192575, -0.031921, -0.561336, -0.439939, -0.163370, 0.607410, -0.502449, -0.412168, -0.058721, -0.676376, 0.315420, 0.089178, -0.083955, 0.286628, 0.007457, -0.337640, -0.592340
-0.421620, 0.184934, -0.029713, 0.139263, 0.514901, 0.158909, -0.100525, -0.613080, -0.065800, -0.136310, 0.090122, -0.424812, 0.145317, 0.692995, -0.275327, -0.368163, -0.068871, 0.202291, 0.128449, -0.273225, 0.485504, -0.257578, -0.124466, -0.330970, -0.044424, 0.068714, 0.475482, 0.262987, -0.600628, 0.142848, -0.098433, 0.195432, -0.329929, -0.294936, 0.427748, -0.355306
-0.595037, 0.249806, 0.423262, 0.016637, -0.243711, -0.164127, 0.030637, 0.167768, -0.522286, -0.466070, 0.624617, 0.200379, 0.499995, 0.263841, 0.628989, -0.140682, -0.058809, 0.403798, 0.082854, -0.161245, 0.152609, 0.123194, -0.305867, 0.529226, 0.443204, -0.030706, -0.275152, 0.052817, 0.523550, -0.210658, -0.321356, -0.011594, 0.462320, 0.161615, -0.599260, 0.174352
0.016373, -0.452579, 0.084800, 0.272365, 0.338535, 0.386753, 0.062651, 0.031221, 0.020769, 0.188097, 0.201035, -0.261037, -0.154523, -0.406924, -0.648763, 0.392930, -0.153843, 0.285144, -0.322112, 0.119797, 0.193061, -0.376873, 0.313854, -0.118750, 0.079966, 0.165501, 0.488786, 0.076662, 0.401337, -0.211962, -0.180519, -0.843881, -0.284798, -0.398850, -0.424113, -0.510516
0.005413, -0.012628, -0.021911, 0.175682, 0.246655, -0.246746, 0.325087, -0.213909, -0.574572, 0.074359, 0.624560, 0.154850, -0.246390, 0.236382, -0.197210, -0.515650, 0.160212, -0.257672, -0.528382, -0.391751, 0.509904, -0.411800, -0.079173, -0.271947, -0.124269, -0.261509, 0.330834, 0.079836, 0.220551, 0.017839, -0.237280, -0.022338, -0.327974, 0.072347, -0.200130, 0.452289
0.160027, -0.181208, 0.128946, -0.536118, -0.114931, 0.150746, -0.378449, 0.381763, 0.086954, 0.019550, 0.055227, 0.045705, -0.525912, 0.269209, 0.218101, 0.270299, 0.079524, -0.172524, 0.164101, 0.141523, -0.900720, -0.013485, -0.284714, 0.341084, -0.430671, -0.343265, -0.489243, -0.131355, -0.540814, 0.738747, 0.262979, -0.172511, -0.567192, 0.493302, -0.136604, -0.491668
-0.126719, -0.426102, -0.537280, 0.531703, -0.389476, -0.465214, 0.180683, -0.406606, -0.355081, -0.386694, -0.227126, 0.211061, -0.466298, 0.388029, 0.001827, -0.429549, -0.313122, -0.249801, 0.483896, -0.239042, -0.212196, 0.629773, 0.018297, 0.462789, 0.078069, 0.536031, 0.149286, 0.036389, 0.003956, 0.657474, 0.261197, -0.091440, -0.322640, 0.311782, -0.027127, -0.520424
0.562918, -0.579259, 0.571176, 0.303336, -0.233244, 0.404338, -0.445700, -0.074370, -0.187168, -0.637350, -0.030832, 0.024369, 0.229856, 0.057963, 0.256557, 0.257863, -0.109092, 0.049633, 0.472989, -0.143343, -0.127679, -0.381545, 0.303121, -0.175659, -0.532133, -0.557355, 0.221748, -0.375825, -0.075715, -0.147623, -0.601640, 0.088831, -0.110684, 0.004822, 0.036528, 0.168388
0.179399, 0.125376, -0.122004, -0.039423, -0.169035, 0.173370, -0.185498, 0.179773, 0.179006, 0.517866, -0.139202, -0.463438, 0.552756, -0.305838, -0.127063, -0.349679, -0.148348, -0.262886, -0.308123, -0.633742, 0.280005, -0.425900, 0.108845, -0.184004, -0.159769, 0.153829, -0.065920, -0.024012, 0.144784, 0.482618, 0.730023, 0.213016, -0.382382, -0.662773, -0.094169, 0.083143
0.388659, 0.280559, -0.465644, 0.078909, -0.188786, 0.124680, 0.391686, 0.376552, 0.173303, 0.232360, -0.023348, -0.456995, 0.108214, 0.322833, -0.189638, -0.103921, -0.179762, -0.759644, 0.175244, -0.472430, -0.329762, 0.322481, 0.216282, 0.034572, 0.336368, -0.200387, -0.069958, -0.036602, -0.428331, 0.069059, -0.189751, 0.068784, -0.178822, -0.522568, 0.474885, -0.198535
0.233257, -0.235319, 0.037191, -0.537090, -0.220894, -0.591742, 0.132250, -0.018002, 0.442620, 0.685136, -0.240603, -0.216829, 0.145421, -0.290096, -0.078189, 0.182679, -0.179605, -0.164956, -0.571595, -0.315698, -0.233981, 0.511271, -0.169405, -0.281010, -0.153509, 0.474881, -0.432122, 0.528593, -0.284166, -0.073500, -0.056677, 0.249165, -0.007295, 0.460636, -0.577811, 0.291562
0.433356, -0.139873, -0.084155, 0.141234, 0.276635, -0.087631, -0.238781, 0.422002, 0.024921, -0.480072, -0.506831, 0.053962, 0.097323, 0.082056, -1.004654, 0.320378, -0.135016, -0.018628, 0.072768, 0.215254, 0.466076, -0.089629, -0.077096, -0.420612, -0.263183, 0.400272, -0.473247, -0.029171, -0.428722, -0.031977, 0.195519, 0.321754, -0.088409, -0.418469, -0.028656, -0.378435
-0.011769, 0.080957, -0.032274, 0.473682, 0.027341, -0.075096, 0.321118, -0.311063, -0.587454, 0.243762, 0.261161, -0.185151, -0.029910, 0.213517, -0.070976, -0.016833, 0.104665, -0.065739, 0.488853, 0.108617, -0.206043, 0.241255, -0.317563, -0.002798, 0.567542, -0.777732, 0.319496, 0.158073, 0.335226, 0.396563, -0.273346, 0.479110, -0.066348, -0.093660, -0.031585, -0.025690
0.656996, -0.370801, 0.182252, -0.600543, 0.451132, 0.374416, 0.168245, -0.530624, 0.539483, -0.517292, -0.054869, 0.173609, -0.105696, 0.085734, 0.363569, -0.497603, -0.088753, 0.138901, -0.046449, 0.128385, 0.398857, -0.483574, 0.098775, -0.131346, 0.066012, -0.434824, 0.216740, 0.480503, -0.515796, -0.342508, 0.111098, 0.595332, 0.208402, -0.261492, -0.766023, -0.519729
-0.439001, 0.202582, -0.024194, 0.085651, 0.240438, 0.230302, 0.276457, 0.156490, -0.137718, -0.036839, 0.574058, -0.285449, -0.242656, 0.227405, 0.172584, -0.534720, 0.381844, 0.356458, 0.272609, -0.066541, -0.552902, -0.038408, -0.147827, 0.504804, 0.140422, -0.294163, 0.201299, -0.258316, 0.442483, -0.113205, 0.436642, 0.508891, 0.081326, 0.049967, -0.576082, 0.282420
0.015544, 0.537457, 0.409527, 0.107769, 0.191831, -0.500405, -0.448944, -0.099990, -0.491324, -0.273858, -0.438289, 0.196702, 0.219687, 0.211752, 0.407384, 0.321851, -0.542712, 0.507057, 0.007537, 0.300074, 0.040770, 0.031733, -0.210443, 0.248206, -0.054982, 0.560401, 0.248521, -0.160784, -0.213495, -0.501362, -0.302416, 0.096629, 0.619206, -0.648488, -0.220427, -0.682241
0.208574, -0.275975, 0.042083, 0.573870, 0.128625, -0.313637, -0.082515, 0.032183, -0.286705, 0.007331, -0.512760, -0.007895, -0.075426, 0.337671, 0.044086, 0.168314, -0.102512, 0.154452, 0.079512, 0.308689, -0.027828, -0.219879, -0.035992, 0.396708, 0.195282, -0.258178, 0.344591, 0.278854, -0.063485, 0.170636, -0.266657, -0.207267, -0.038544, -0.157294, 0.091540, -0.004420
-0.070071, -0.121299, -0.250162, 0.390774, -0.058897, 0.120824, -0.356387, 0.188747, 0.392353, -0.564640, -0.038658, -0.131792, -0.312503, -0.339281, 0.049708, -0.675348, 0.143396, 0.497512, -0.419917, 0.482991, 0.348390, 0.189961, -0.437777, -0.276500, 0.026565, 0.408382, -0.598827, 0.368106, -0.327135, -0.491877, -0.323201, 0.039344, 0.250796, -0.197146, 0.416479, -0.388296
-0.029894, -0.045537, 0.362010, 0.146410, -0.081699, 0.366504, -0.306945, -0.230773, -0.467995, -0.228079, -0.417770, -0.342122, 0.455513, 0.032608, -0.319619, 0.265059, 0.506373, 0.062213, -0.185928, 0.150462, -0.222573, 0.072612, -0.352947, -0.048635, 0.021328, 0.031559, -0.132967, 0.303594, -0.345230, 0.695567, 0.181989, 0.165738, -0.414064, -0.157208, -0.314519, 0.545264
0.356442, -0.011306, -0.269675, -0.141260, -0.183997, 0.265136, 0.017367, -0.729718, -0.001639, -0.630882, -0.295248, -0.114409, -0.133381, 0.001481, 0.501436, -0.325338, 0.255595, -0.483389, -0.056016, 0.414659, 0.272414, -0.484565, -0.357526, -0.346153, -0.380508, 0.012711, -0.485930, -0.031799, 0.348306, -0.542086, 0.034352, 0.066426, -0.066999, 0.256024, 0.082738, -0.572176
0.097212, 0.207412, 0.000584, 0.554489, -0.644737, 0.095873, 0.030239, -0.441303, -0.363103, -0.311114, 0.118361, 0.434929, -0.321812, 0.172412, -0.501493, 0.207967, 0.432662, 0.101319, -0.521417, 0.101702, 0.555573, -0.055515, -0.592573, -0.039626, 0.295004, -0.703520, -0.271150, 0.450925, -0.366853, -0.154195, -0.502677, 0.462018, 0.098547, -0.003514, -0.429869, -0.163719
0.270798, 0.015691, 0.635173, -0.455455, -0.039767, 0.098330, 0.032879, 0.174711, -0.514648, 0.193726, 0.076795, -0.083086, -0.137521, 0.323332, 0.471483, 0.089363, 0.081748, 0.089254, 0.233534, 0.244521, -0.232572, 0.224194, -0.341377, 0.320858, 0.455187, 0.210893, 0.245231, 0.200979, 0.109921, -0.165506, 0.456697, -0.404839, -0.262483, 0.069092, 0.247659, -0.275764
0.041575, -0.481608, 0.668097, -0.218078, -0.043808, -0.263146, 0.487280, -0.246294, -0.643340, 0.387030, 0.111087, -0.462601, -0.258113, -0.317364, -0.087913, -0.580169, 0.277520, -0.529096, 0.189507, -0.213071, 0.643729, 0.176313, -0.403654, 0.358012, -0.518472, -0.223207, 0.507049, -0.206274, 0.030860, 0.568029, -0.100855, 0.351744, 0.287241, -0.350297, 0.160022, 0.524065
-0.241860, 0.045907, -0.131682, 0.071262, -0.314440, 0.029076, -0.037170, -0.355106, 0.100677, 0.392476, 0.109453, 0.238460, -0.354663, 0.309987, -0.736888, 0.271920, -0.114318, 0.195351, 0.405029, -0.135654, 0.643176, 0.431159, 0.529594, -0.470722, 0.065935, -0.108601, 0.684528, 0.164973, -0.284207, 0.446833, 0.228631, -0.102697, 0.053413, 0.445448, -0.297509, 0.016127
-0.451711, 0.065748, 0.405224, -0.095819, -0.414553, -0.169086, -0.051695, 0.076419, 0.090637, 0.501597, -0.084083, -0.008975, -0.179379, 0.685839, 0.078728, 0.037954, 0.121352, -0.785606, 0.076851, -0.040686, 0.377541, -0.624000, -0.237842, 0.141025, -0.087453, 0.010392, 0.113673, 0.457526, -0.391046, 0.607091, -0.211296, -0.199416, -0.661288, -0.202011, 0.353980, 0.118123
-0.113114, 0.024979, 0.393731, 0.024493, 0.203833, -0.454568, 0.086647, -0.493774, 0.370866, -0.007194, -0.016300, -0.142032, -0.224355, -0.056426, -0.516112, -0.332483, -0.291189, -0.681630, -0.527194, -0.427018, 0.397394, -0.312717, 0.030370, 0.128537, 0.368257, -0.312983, -0.132300, -0.056255, 0.152826, -0.279290, 0.406704, 0.144669, -0.300463, -0.367164, 0.098724, 0.201814
-0.370769, 0.269607, -0.092060, -0.127955, -0.016573, 0.502062, -0.200063, 0.131282, -0.077855, -0.104201, 0.138481, 0.021045, 0.274679, -0.470850, -0.172238, 0.554390, -0.128048, -0.307323, 0.187142, -0.283860, -0.542548, 0.604666, 0.332127, -0.115921, 0.193276, 0.677816, 0.211620, -0.632844, -0.272505, -0.396637, 0.040777, -0.310781, 0.257521, -0.570017, -0.270245, -0.236140
-0.522049, 0.371878, 0.629669, 0.566887, -0.438729, -0.419969, -0.432284, -0.209963, -0.635547, -0.607950, -0.434234, -0.229354, 0.450468, 0.228314, 0.348989, 0.098540, 0.526884, 0.173498, -0.636914, 0.031857, -0.258409, 0.378844, 0.424515, -0.243620, 0.213854, -0.591524, -0.109300, -0.451203, -0.518953, 0.340777, 0.364138, -0.129870, 0.427318, 0.527924, -0.525641, 0.059693
-0.340219, -0.331061, 0.336995, 0.057372, -0.023944, -0.214722, -0.161998, -0.176548, -0.381722, -0.440130, 0.511618, -0.342608, 0.520059, 0.318048, -0.058178, -0.494809, -0.289028, -0.345179, -0.345077, 0.340860, -0.630769, -0.121892, -0.394050, -0.417234, -0.337703, -0.306485, 0.403709, -0.180901, -0.063066, 0.094034, -0.198897, 0.010018, 0.065008, -0.635219, -0.249130, 0.300653
0.080091, -0.162467, 0.087710, -0.739254, 0.032686, -0.008863, 0.081147, -0.064649, 0.145167, 0.056836, -0.241565, -0.662411, -0.342281, -0.195463, 0.293399, 0.566153, -0.311714, -0.010688, 0.103935, 0.368614, -0.340010, -0.281337, -0.008967, -0.386821, 0.415565, -0.601955, 0.277387, -0.262436, -0.331542, 0.519228, 0.125783, -0.258848, 0.251043, -0.047286, -0.209230, -0.217516
0.283181, -0.256984, -0.090693, 0.204189, -0.464764, -0.181673, -0.225725, 0.369235, -0.392123, 0.172602, -0.197194, 0.068778, -0.360644, 0.164859, -0.324887, 0.343833, 0.036430, 0.592321, 0.342090, 0.005777, 0.029725, 0.209413, -0.372200, -0.518451, 0.497685, 0.143884, 0.231970, 0.120970, -0.207846, -0.577545, 0.006312, 0.459081, 0.530457, 0.129660, -0.536560, -0.095383
-0.059015, -0.241963, 0.128025, -0.354830, -0.072291, -0.539235, -0.363346, -0.504909, -0.429126, -0.486989, 0.205364, -0.470062, 0.532066, -0.045381, 0.049752, 0.140398, -0.199926, 0.048741, 0.050433, 0.167088, -0.005027, -0.044361, -0.377524, 0.041905, -0.149382, 0.250338, -0.429542, 0.313238, 0.273136, -0.262041, -0.254121, -0.110541, 0.028807, 0.092396, 0.196960, -0.049062
-0.646075, 0.141937, -0.288653, 0.648284, 0.102091, -0.511964, 0.322818, -0.100136, -0.278880, 0.529305, 0.397896, 0.641751, -0.437235, -0.650542, -0.276588, -0.256075, -0.041464, 0.236371, -0.694230, -0.788574, 0.446563, 0.137412, 0.211174, 0.258188, 0.370962, 0.295839, -0.278369, -0.188029, -0.418066, -0.443183, 0.510236, -0.120900, 0.200666, 0.226355, -0.001743, -0.316338
-0.594607, 0.622938, -0.596138, 0.290492, 0.102696, -0.165755, 0.260258, -0.450147, 0.413364, -0.101709, -0.374677, -0.125960, 0.170628, -0.258414, 0.559372, -0.167713, -0.141901, -0.242032, -0.253268, -0.266179, -0.489587, 0.364671, 0.052540, 0.378673, -0.104862, -0.433064, 0.356059, -0.268785, -0.210118, -0.243960, -0.512965, 0.196458, -0.740259, -0.313356, 0.260888, -0.264691
0.034506, -0.112407, -0.131435, -0.453532, 0.333321, -0.475948, -0.265003, 0.225434, -0.180037, 0.579893, -0.120900, -0.005974, 0.056095, 0.467333, -0.384476, -0.347704, 0.345253, 0.371506, -0.134899, -0.166519, 0.407427, -0.710308, -0.389721, 0.162204, -0.649257, -0.091372, 0.247861, 0.155267, 0.158614, 0.181918, -0.342618, -0.373728, -0.146348, 0.552044, 0.106735, -0.081145
0.148295, -0.142858, 0.166779, -0.257303, 0.278628, -0.559878, -0.040920, -0.435820, 0.070091, -0.585911, 0.095051, -0.491465, 0.407404, 0.061582, -0.138794, -0.087635, 0.178720, 0.136377, 0.272237, -0.461428, 0.231563, 0.251289, 0.270514, 0.250733, -0.754946, -0.320419, -0.106439, 0.426698, -0.244632, 0.007790, 0.336403, 0.034216, -0.052831, -0.127626, -0.275331, -0.099080
0.178313, 0.392414, 0.006604, 0.282448, 0.326083, -0.460416, 0.149004, -0.222274, -0.288800, -0.037094, 0.479391, 0.481910, 0.364050, -0.113480, 0.045891, -0.130914, -0.002278, 0.374525, -0.342495, -0.574448, -0.114308, 0.210608, -0.526314, 0.059013, -0.580949, 0.094100, 0.195812, -0.224667, 0.376875, -0.051600, -0.301396, -0.222580, 0.018446, -0.045094, 0.542341, 0.290412
-0.120515, -0.034974, -0.734955, 0.067506, -0.105832, 0.504335, 0.085902, -0.606015, 0.417189, 0.448911, 0.362764, -0.535156, 0.063218, -0.032073, -0.279996, 0.161704, 0.177327, -0.013178, -0.346380, 0.234551, -0.631818, -0.150368, -0.153631, -0.309924, 0.338345, 0.007977, -0.386343, 0.151858, 0.439799, 0.126631, 0.374283, -0.183427, -0.217888, 0.182717, 0.382880, -0.746555
0.195613, 0.421870, 0.362789, -0.371870, 0.346737, 0.259187, -0.447964, 0.256074, -0.401106, -0.291679, -0.096918, -0.171931, -0.236497, -0.117048, 0.440805, -0.080941, -0.175551, 0.244558, 0.384688, 0.079642, -0.323824, -0.354307, -0.265151, -0.192871, 0.196645, -0.224511, -0.019592, -0.509047, 0.330459, -0.351539, -0.606665, -0.414072, 0.385989, -0.733982, -0.266715, -0.510740
0.406111, -0.292115, 0.245884, 0.140841, -0.451238, -0.267315, 0.377273, -0.445510, 0.175625, -0.528109, 0.166067, -0.210349, 0.307582, 0.337909, -0.075905, -0.306316, -0.374781, 0.377880, -0.305157, -0.356034, 0.322475, -0.025948, 0.326965, 0.420195, 0.044798, 0.003557, -0.254006, 0.293529, 0.124125, 0.245786, 0.130868, -0.038687, 0.408668, -0.309833, 0.060614, 0.101631
