7.462170000000000
7.461896000000000
7.460259000000000
7.459904000000000
7.459244000000000
7.458572000000000
7.458184000000000
7.458141000000000
7.456225000000000
7.456061000000000
7.456017000000000
7.455627000000000
7.455469000000000
7.455162000000000
7.453559000000000
7.450313000000000
7.447568000000000
7.447090000000000
7.445787000000000
7.445784000000000
7.445387000000000
7.442472000000000
7.442286000000000
7.441296000000000
7.440936000000000
7.440345000000000
7.440058000000000
7.436002000000000
7.435878000000000
7.435183000000000
7.432928000000000
7.432498000000000
7.431962000000000
7.430757000000000
7.429116000000000
7.428746000000000
7.428154000000000
7.427553000000000
7.426894000000000
7.425527000000000
7.423279000000000
7.421143000000000
7.420115000000000
7.420066000000000
7.419650000000000
7.419106000000000
7.418645000000000
7.418547000000000
7.414489000000000
7.413197000000000
