9.740850000000000
9.734702000000000
9.732216000000000
9.731254000000000
9.730361000000000
9.730360000000000
9.730274000000000
9.730232000000000
9.729802000000000
9.729791000000000
9.729652000000000
9.729607000000000
9.729590000000000
9.729530000000000
9.729369000000000
9.729233000000000
9.729202000000000
9.728826000000000
9.728358000000000
9.728181000000000
9.728142000000000
9.728130000000000
9.728032000000000
9.727767000000000
9.727726000000000
9.727725000000000
9.727602000000000
9.727535000000000
9.727528000000000
9.727504000000000
9.727341000000000
9.727218000000000
9.727147000000000
9.726879000000000
9.726875000000000
9.726795000000000
9.726371000000000
9.726209000000000
9.726202000000000
9.725922000000000
9.725902000000000
9.725855000000000
9.725565000000000
9.725472000000000
9.725449000000000
9.725416000000000
9.725323000000000
9.725303000000000
9.725048000000000
9.725019000000000
