7.472660000000000
7.469933000000000
7.467845000000000
7.467059000000000
7.466457000000000
7.466139000000000
7.465305000000000
7.464369000000000
7.463715000000000
7.462170000000000
7.461896000000000
7.461509000000000
7.460974000000000
7.460768000000000
7.460259000000000
7.459904000000000
7.459644000000000
7.459290000000000
7.459244000000000
7.459235000000000
7.458702000000000
7.458572000000000
7.458237000000000
7.458184000000000
7.458162000000000
7.458141000000000
7.457900000000000
7.457394000000000
7.457283000000000
7.456980000000000
7.456657000000000
7.456296000000000
7.456225000000000
7.456061000000000
7.456017000000000
7.455856000000000
7.455767000000000
7.455736000000000
7.455627000000000
7.455469000000000
7.455202000000000
7.455162000000000
7.455069000000000
7.454962000000000
7.454500000000000
7.454315000000000
7.454309000000000
7.453927000000000
7.453559000000000
7.453111000000000
