7.460259000000000
7.456017000000000
7.450313000000000
7.442472000000000
7.440936000000000
7.432498000000000
7.431962000000000
7.419650000000000
7.418645000000000
7.412991000000000
7.412378000000000
7.406186000000000
7.397428000000000
7.391320000000000
7.376843000000000
7.373780000000000
7.370159000000000
7.363057000000000
7.359629000000000
7.303364000000000
7.286285000000000
7.285789000000000
7.245537000000000
7.236037000000000
7.159285000000000
7.149124000000000
7.082056000000000
7.047452000000000
7.034740000000000
7.023689000000000
7.013663000000000
7.007335000000000
6.995678000000000
6.983584000000000
6.979611000000000
6.967640000000000
6.963286000000000
6.955652000000000
6.950932000000000
6.941987000000000
6.933452000000000
6.914171000000000
6.887181000000000
6.869767000000000
6.804850000000000
6.779157000000000
6.755742000000000
6.670836000000000
6.667804000000000
6.643681000000000
