7.472790000000000
7.472660000000000
7.471662000000000
7.470571000000000
7.470195000000000
7.470030000000000
7.469933000000000
7.469576000000000
7.469303000000000
7.468283000000000
7.467900000000000
7.467845000000000
7.467752000000000
7.467448000000000
7.467390000000000
7.467095000000000
7.467059000000000
7.466740000000000
7.466548000000000
7.466528000000000
7.466457000000000
7.466225000000000
7.466139000000000
7.466134000000000
7.465924000000000
7.465744000000000
7.465587000000000
7.465483000000000
7.465305000000000
7.465178000000000
7.465089000000000
7.465054000000000
7.465035000000000
7.465006000000000
7.464831000000000
7.464471000000000
7.464369000000000
7.464322000000000
7.464273000000000
7.464025000000000
7.463989000000000
7.463939000000000
7.463840000000000
7.463795000000000
7.463759000000000
7.463715000000000
7.463645000000000
7.463297000000000
7.463237000000000
7.463187000000000
