7.472660000000000
7.470571000000000
7.470030000000000
7.469933000000000
7.468283000000000
7.467845000000000
7.467448000000000
7.467390000000000
7.467095000000000
7.467059000000000
7.466457000000000
7.466139000000000
7.465483000000000
7.465305000000000
7.464831000000000
7.464471000000000
7.464369000000000
7.464273000000000
7.463715000000000
7.463297000000000
7.463237000000000
7.462507000000000
7.462170000000000
7.461896000000000
7.461509000000000
7.461318000000000
7.460974000000000
7.460768000000000
7.460259000000000
7.460145000000000
7.459904000000000
7.459896000000000
7.459785000000000
7.459644000000000
7.459644000000000
7.459290000000000
7.459244000000000
7.459235000000000
7.458702000000000
7.458587000000000
7.458572000000000
7.458482000000000
7.458262000000000
7.458237000000000
7.458184000000000
7.458162000000000
7.458141000000000
7.458123000000000
7.457924000000000
7.457900000000000
