7.472790000000000
7.472789000000000
7.472702000000000
7.472660000000000
7.472230000000000
7.472019000000000
7.471958000000000
7.471798000000000
7.471662000000000
7.471630000000000
7.471255000000000
7.470786000000000
7.470571000000000
7.470559000000000
7.470460000000000
7.470195000000000
7.470154000000000
7.470030000000000
7.469957000000000
7.469933000000000
7.469769000000000
7.469647000000000
7.469576000000000
7.469303000000000
7.469223000000000
7.468800000000000
7.468631000000000
7.468330000000000
7.468283000000000
7.467900000000000
7.467878000000000
7.467845000000000
7.467752000000000
7.467448000000000
7.467398000000000
7.467390000000000
7.467339000000000
7.467255000000000
7.467186000000000
7.467096000000000
7.467095000000000
7.467059000000000
7.466961000000000
7.466860000000000
7.466740000000000
7.466682000000000
7.466644000000000
7.466592000000000
7.466548000000000
7.466538000000000
