7.460259000000000
7.456017000000000
7.450313000000000
7.442472000000000
7.442286000000000
7.440936000000000
7.432498000000000
7.431962000000000
7.429116000000000
7.428154000000000
7.426894000000000
7.419650000000000
7.418645000000000
7.418547000000000
7.412991000000000
7.412378000000000
7.406186000000000
7.398668000000000
7.397428000000000
7.391320000000000
7.376843000000000
7.373780000000000
7.372223000000000
7.370159000000000
7.363057000000000
7.359629000000000
7.344262000000000
7.332221000000000
7.321239000000000
7.303364000000000
7.286285000000000
7.285789000000000
7.245537000000000
7.242184000000000
7.236037000000000
7.232034000000000
7.222596000000000
7.159285000000000
7.149124000000000
7.114680000000000
7.082056000000000
7.047452000000000
7.034740000000000
7.023689000000000
7.013663000000000
7.007335000000000
6.995678000000000
6.983584000000000
6.979611000000000
6.967640000000000
