7.472660000000000
7.470571000000000
7.470030000000000
7.469933000000000
7.469576000000000
7.468283000000000
7.467845000000000
7.467448000000000
7.467390000000000
7.467095000000000
7.467059000000000
7.466457000000000
7.466225000000000
7.466139000000000
7.465587000000000
7.465483000000000
7.465305000000000
7.465178000000000
7.465054000000000
7.464831000000000
7.464471000000000
7.464369000000000
7.464273000000000
7.463715000000000
7.463297000000000
7.463237000000000
7.463187000000000
7.463076000000000
7.462694000000000
7.462598000000000
7.462507000000000
7.462382000000000
7.462170000000000
7.461896000000000
7.461660000000000
7.461509000000000
7.461370000000000
7.461354000000000
7.461349000000000
7.461318000000000
7.460974000000000
7.460768000000000
7.460714000000000
7.460609000000000
7.460385000000000
7.460259000000000
7.460172000000000
7.460145000000000
7.460105000000000
7.459904000000000
