7.469933000000000
7.466457000000000
7.465305000000000
7.464369000000000
7.462170000000000
7.461896000000000
7.461509000000000
7.460974000000000
7.460768000000000
7.460259000000000
7.459904000000000
7.459244000000000
7.458572000000000
7.458237000000000
7.458184000000000
7.458141000000000
7.457900000000000
7.457394000000000
7.456296000000000
7.456225000000000
7.456061000000000
7.456017000000000
7.455856000000000
7.455627000000000
7.455469000000000
7.455162000000000
7.455069000000000
7.454962000000000
7.454500000000000
7.454309000000000
7.453559000000000
7.453111000000000
7.450422000000000
7.450313000000000
7.448906000000000
7.447568000000000
7.447090000000000
7.445787000000000
7.445784000000000
7.445387000000000
7.444495000000000
7.444209000000000
7.443934000000000
7.443842000000000
7.442472000000000
7.442286000000000
7.441328000000000
7.441296000000000
7.441295000000000
7.440936000000000
