7.462170000000000
7.460259000000000
7.456017000000000
7.455162000000000
7.450313000000000
7.447090000000000
7.445787000000000
7.445784000000000
7.442472000000000
7.442286000000000
7.440936000000000
7.440345000000000
7.436002000000000
7.435183000000000
7.432498000000000
7.431962000000000
7.429116000000000
7.428746000000000
7.428154000000000
7.427553000000000
7.426894000000000
7.423279000000000
7.419650000000000
7.419106000000000
7.418645000000000
7.418547000000000
7.412991000000000
7.412378000000000
7.407146000000000
7.406186000000000
7.398668000000000
7.397428000000000
7.391320000000000
7.390592000000000
7.376843000000000
7.373780000000000
7.372223000000000
7.370159000000000
7.363057000000000
7.360818000000000
7.359629000000000
7.344262000000000
7.332221000000000
7.321239000000000
7.303364000000000
7.286285000000000
7.285789000000000
7.279154000000000
7.269718000000000
7.245537000000000
