7.462170000000000
7.461896000000000
7.461509000000000
7.460768000000000
7.460259000000000
7.459904000000000
7.459244000000000
7.458572000000000
7.458237000000000
7.458184000000000
7.458141000000000
7.456296000000000
7.456225000000000
7.456061000000000
7.456017000000000
7.455627000000000
7.455469000000000
7.455162000000000
7.454962000000000
7.453559000000000
7.450313000000000
7.448906000000000
7.447568000000000
7.447090000000000
7.445787000000000
7.445784000000000
7.445387000000000
7.444495000000000
7.443842000000000
7.442472000000000
7.442286000000000
7.441296000000000
7.441295000000000
7.440936000000000
7.440345000000000
7.440058000000000
7.438048000000000
7.436002000000000
7.435878000000000
7.435183000000000
7.433194000000000
7.432928000000000
7.432498000000000
7.431962000000000
7.430757000000000
7.429116000000000
7.428746000000000
7.428154000000000
7.427553000000000
7.426894000000000
