11.413297000000000
11.412228000000000
11.411816000000000
11.411260000000000
11.411140000000000
11.410142000000000
11.409640000000000
11.408525000000000
11.408317000000000
11.407879000000000
11.407201000000000
11.406513000000000
11.406326000000000
11.406298000000000
11.405784000000000
11.405721000000000
11.405480000000000
11.405368000000000
11.405350000000000
11.405329000000000
11.404968000000000
11.404552000000000
11.404466000000000
11.404106000000000
11.404085000000000
11.404014000000000
11.403829000000000
11.403563000000000
11.403307000000000
11.403283000000000
11.402922000000000
11.402485000000000
11.402447000000000
11.402373000000000
11.402198000000000
11.401535000000000
11.401461000000000
11.401125000000000
11.400666000000000
11.400609000000000
11.400141000000000
11.399267000000000
11.398932000000000
11.398769000000000
11.398744000000000
11.398604000000000
11.398454000000000
11.398340000000000
11.398248000000000
11.398017000000000
