11.416129000000000
11.415459000000000
11.413917000000000
11.413297000000000
11.412957000000000
11.412448000000000
11.412228000000000
11.411816000000000
11.411733000000000
11.411335000000000
11.411260000000000
11.411233000000000
11.411219000000000
11.411140000000000
11.411116000000000
11.411108000000000
11.410606000000000
11.410142000000000
11.409940000000000
11.409924000000000
11.409640000000000
11.409127000000000
11.408525000000000
11.408444000000000
11.408317000000000
11.408198000000000
11.408193000000000
11.407879000000000
11.407489000000000
11.407445000000000
11.407406000000000
11.407322000000000
11.407321000000000
11.407201000000000
11.407023000000000
11.406892000000000
11.406513000000000
11.406326000000000
11.406298000000000
11.406119000000000
11.405991000000000
11.405955000000000
11.405843000000000
11.405784000000000
11.405721000000000
11.405647000000000
11.405623000000000
11.405480000000000
11.405378000000000
11.405368000000000
