11.416129000000000
11.415459000000000
11.415308000000000
11.414921000000000
11.414775000000000
11.414376000000000
11.414280000000000
11.413930000000000
11.413917000000000
11.413880000000000
11.413670000000000
11.413522000000000
11.413409000000000
11.413297000000000
11.413261000000000
11.413202000000000
11.413095000000000
11.412957000000000
11.412828000000000
11.412502000000000
11.412491000000000
11.412448000000000
11.412228000000000
11.412222000000000
11.411983000000000
11.411925000000000
11.411816000000000
11.411745000000000
11.411733000000000
11.411722000000000
11.411647000000000
11.411379000000000
11.411335000000000
11.411295000000000
11.411260000000000
11.411233000000000
11.411219000000000
11.411140000000000
11.411116000000000
11.411108000000000
11.411006000000000
11.410857000000000
11.410801000000000
11.410789000000000
11.410606000000000
11.410428000000000
11.410354000000000
11.410142000000000
11.409940000000000
11.409924000000000
