11.411816000000000
11.404968000000000
11.404466000000000
11.404014000000000
11.398340000000000
11.398248000000000
11.397259000000000
11.395079000000000
11.395015000000000
11.394692000000000
11.394308000000000
11.393932000000000
11.393596000000000
11.393480000000000
11.393475000000000
11.393254000000000
11.392182000000000
11.391874000000000
11.391814000000000
11.391264000000000
11.391240000000000
11.389978000000000
11.389750000000000
11.389012000000000
11.388878000000000
11.388089000000000
11.386267000000000
11.385860000000000
11.384551000000000
11.382509000000000
11.381898000000000
11.381687000000000
11.379968000000000
11.379667000000000
11.377469000000000
11.377246000000000
11.377237000000000
11.376956000000000
11.375697000000000
11.374454000000000
11.374207000000000
11.374194000000000
11.373815000000000
11.372842000000000
11.371716000000000
11.371159000000000
11.370745000000000
11.367859000000000
11.366181000000000
11.363748000000000
