11.197459000000000
11.176588000000000
11.176075000000000
11.173573000000000
11.150452000000000
11.126895000000000
11.117048000000000
11.099262000000000
11.095119000000000
11.088598000000000
11.081734000000000
11.077285000000000
11.072264000000000
11.068077000000000
11.063797000000000
11.059829000000000
11.050038000000000
11.036712000000000
11.034087000000000
11.030265000000000
11.005511000000000
11.003917000000000
11.002966000000000
10.982227000000000
10.977206000000000
10.974455000000000
10.969973000000000
10.967199000000000
10.935921000000000
10.918506000000000
10.882322000000000
10.865731000000000
10.858814000000000
10.821950000000000
10.819965000000000
10.814678000000000
10.800362000000000
10.799381000000000
10.777855000000000
10.770577000000000
10.749646000000000
10.746846000000000
10.719846000000000
10.652088000000000
10.620101000000000
10.603576000000000
10.551561000000000
10.520938000000000
10.499596000000000
10.275563000000000
