11.404014000000000
11.398340000000000
11.397259000000000
11.395015000000000
11.394692000000000
11.392182000000000
11.391874000000000
11.391264000000000
11.391240000000000
11.389750000000000
11.389012000000000
11.388878000000000
11.388089000000000
11.386267000000000
11.385860000000000
11.384551000000000
11.382509000000000
11.381898000000000
11.381687000000000
11.379968000000000
11.379667000000000
11.377469000000000
11.377237000000000
11.376956000000000
11.374454000000000
11.374207000000000
11.373815000000000
11.371716000000000
11.370745000000000
11.363748000000000
11.357480000000000
11.353170000000000
11.352961000000000
11.351333000000000
11.350046000000000
11.349189000000000
11.344846000000000
11.327776000000000
11.324723000000000
11.317929000000000
11.317144000000000
11.314085000000000
11.311136000000000
11.307380000000000
11.300143000000000
11.297591000000000
11.296000000000000
11.292877000000000
11.291227000000000
11.289479000000000
