11.411816000000000
11.405721000000000
11.404968000000000
11.404552000000000
11.404466000000000
11.404014000000000
11.403283000000000
11.402485000000000
11.401535000000000
11.401125000000000
11.400609000000000
11.399267000000000
11.398744000000000
11.398340000000000
11.398248000000000
11.397855000000000
11.397481000000000
11.397259000000000
11.397231000000000
11.397157000000000
11.395941000000000
11.395079000000000
11.395015000000000
11.394692000000000
11.394308000000000
11.393932000000000
11.393596000000000
11.393591000000000
11.393480000000000
11.393475000000000
11.393254000000000
11.393037000000000
11.392977000000000
11.392182000000000
11.391874000000000
11.391814000000000
11.391264000000000
11.391240000000000
11.391194000000000
11.391131000000000
11.389978000000000
11.389779000000000
11.389750000000000
11.389630000000000
11.389012000000000
11.388878000000000
11.388776000000000
11.388732000000000
11.388686000000000
11.388089000000000
