11.203133000000000
11.197459000000000
11.193811000000000
11.190993000000000
11.188869000000000
11.187997000000000
11.185386000000000
11.184979000000000
11.181017000000000
11.180806000000000
11.176588000000000
11.176356000000000
11.176075000000000
11.173573000000000
11.173327000000000
11.172934000000000
11.170835000000000
11.169864000000000
11.162867000000000
11.156599000000000
11.152289000000000
11.152080000000000
11.150452000000000
11.148308000000000
11.143965000000000
11.126895000000000
11.123842000000000
11.117048000000000
11.116263000000000
11.113204000000000
11.110255000000000
11.106499000000000
11.099262000000000
11.095119000000000
11.091996000000000
11.088598000000000
11.082862000000000
11.081734000000000
11.081054000000000
11.077285000000000
11.073804000000000
11.072264000000000
11.068077000000000
11.063797000000000
11.063217000000000
11.059829000000000
11.055507000000000
11.050038000000000
11.037205000000000
11.036712000000000
