11.417163000000000
11.416129000000000
11.415459000000000
11.415308000000000
11.414921000000000
11.414775000000000
11.414376000000000
11.414280000000000
11.414266000000000
11.413981000000000
11.413980000000000
11.413930000000000
11.413917000000000
11.413880000000000
11.413670000000000
11.413534000000000
11.413522000000000
11.413409000000000
11.413297000000000
11.413261000000000
11.413202000000000
11.413095000000000
11.412957000000000
11.412828000000000
11.412540000000000
11.412502000000000
11.412491000000000
11.412448000000000
11.412416000000000
11.412228000000000
11.412222000000000
11.411983000000000
11.411925000000000
11.411816000000000
11.411766000000000
11.411745000000000
11.411733000000000
11.411722000000000
11.411647000000000
11.411379000000000
11.411336000000000
11.411335000000000
11.411295000000000
11.411260000000000
11.411233000000000
11.411219000000000
11.411140000000000
11.411136000000000
11.411128000000000
11.411116000000000
