11.416129000000000
11.413917000000000
11.413297000000000
11.412957000000000
11.412228000000000
11.411816000000000
11.411335000000000
11.411260000000000
11.411140000000000
11.411108000000000
11.410606000000000
11.410142000000000
11.409940000000000
11.409640000000000
11.409127000000000
11.408525000000000
11.408444000000000
11.408317000000000
11.408198000000000
11.407879000000000
11.407489000000000
11.407406000000000
11.407201000000000
11.407023000000000
11.406892000000000
11.406513000000000
11.406326000000000
11.406298000000000
11.406119000000000
11.405991000000000
11.405784000000000
11.405721000000000
11.405480000000000
11.405378000000000
11.405368000000000
11.405350000000000
11.405329000000000
11.405087000000000
11.404968000000000
11.404552000000000
11.404466000000000
11.404331000000000
11.404319000000000
11.404270000000000
11.404210000000000
11.404106000000000
11.404085000000000
11.404014000000000
11.403977000000000
11.403897000000000
